1730797211,1319.3,1241
1730797212,1319,64
1730797214,1319,43
1730797219,1318.9,134
1730797224,1319,43
1730797226,1318.9,10
1730797228,1318.9,29
1730797230,1319.1,43
1730797232,1318.9,23
1730797234,1318.7,60
1730797236,1319.1,1
1730797238,1319.3,16
1730797240,1319.1,19
1730797242,1318,166
1730797244,1319,2
1730797246,1318,26
1730797248,1318.9,3
1730797250,1318.9,12
1730797252,1318.9,25
1730797254,1318.5,26
1730797256,1318.2,16
1730797258,1318.3,7
1730797260,1318.6,1
1730797262,1318.6,6
1730797264,1318.6,18
1730797266,1318.6,31
1730797268,1318.4,9
1730797270,1318.5,11
1730797272,1318.6,3
1730797274,1318.7,12
1730797276,1318.5,8
1730797278,1318.6,7
1730797280,1318.7,5
1730797282,1318.7,6
1730797284,1318.5,9
1730797286,1318.6,1
1730797290,1318.6,4
1730797292,1318.7,2
1730797294,1318.6,25
1730797296,1318.7,4
1730797298,1318.6,5
1730797300,1318.8,28
1730797302,1318.8,4
1730797304,1318.7,1
1730797306,1318.9,105
1730797308,1318.9,19
1730797310,1318.9,21
1730797312,1318.9,1
1730797314,1319,20
1730797316,1319,92
1730797318,1319.1,4
1730797320,1319.1,4
1730797322,1319,30
1730797324,1319.1,1
1730797326,1319.1,15
1730797328,1319.1,3
1730797330,1319.2,2
1730797332,1319.3,42
1730797334,1319.2,1
1730797336,1319.3,7
1730797338,1319.3,7
1730797340,1319.3,30
1730797342,1319.3,2
1730797344,1319.4,25
1730797348,1319.3,11
1730797350,1319.2,29
1730797352,1319.4,61
1730797354,1319.3,18
1730797356,1319.3,3
1730797360,1319.3,11
1730797362,1319.2,2
1730797364,1319.3,2
1730797366,1319.2,19
1730797368,1319.3,8
1730797370,1319.2,39
1730797372,1319.4,32
1730797374,1319.4,5
1730797378,1319.4,6
1730797380,1319.3,1
1730797382,1319.2,17
1730797384,1319.3,1
1730797388,1319.1,122
1730797390,1319.2,10
1730797392,1319.1,41
1730797396,1319.2,8
1730797398,1319.1,86
1730797400,1319.2,1
1730797402,1319.2,8
1730797404,1319.2,9
1730797406,1319.2,1
1730797408,1319.2,2
1730797412,1319.2,2
1730797414,1319.1,23
1730797418,1319,18
1730797420,1319,12
1730797422,1319,26
1730797424,1319.1,3
1730797426,1319,39
1730797428,1319,1
1730797430,1319.1,28
1730797432,1319,11
1730797434,1319.1,7
1730797436,1319.1,1
1730797438,1319.1,16
1730797440,1319.1,7
1730797442,1319.1,4
1730797448,1319.1,1
1730797450,1319.1,36
1730797452,1319.2,35
1730797454,1319.2,14
1730797456,1319.2,6
1730797458,1319.1,27
1730797460,1319.1,26
1730797462,1319,35
1730797464,1319.1,7
1730797466,1319,17
1730797468,1319,50
1730797470,1318.9,81
1730797472,1318.9,1
1730797474,1318.9,2
1730797476,1319,1
1730797478,1318.9,19
1730797480,1318.8,18
1730797482,1318.7,48
1730797484,1318.8,15
1730797486,1318.9,1
1730797488,1318.8,21
1730797490,1318.9,25
1730797492,1318.9,25
1730797494,1318.9,5
1730797496,1318.7,2
1730797498,1318.9,5
1730797500,1319,12
1730797502,1318.8,5
1730797504,1318.9,1
1730797508,1318.8,15
1730797510,1318.8,8
1730797512,1318.7,39
1730797514,1318.7,11
1730797516,1318.7,6
1730797518,1318.7,4
1730797520,1318.7,2
1730797522,1318.6,37
1730797524,1318.7,12
1730797526,1318.7,2
1730797528,1318.6,1
1730797530,1318.6,19
1730797534,1318.6,1
1730797536,1318.5,22
1730797538,1318.5,24
1730797540,1318.5,20
1730797542,1318.5,39
1730797544,1318.5,6
1730797546,1318.4,2
1730797548,1318.4,7
1730797550,1318.4,42
1730797552,1318.4,10
1730797554,1318.4,2
1730797556,1318.4,18
1730797558,1318.4,31
1730797560,1318.4,20
1730797562,1318.4,4
1730797564,1318.4,2
1730797566,1318.4,13
1730797568,1318.4,6
1730797570,1318.4,6
1730797572,1318.4,5
1730797574,1318.4,6
1730797576,1318.5,6
1730797578,1318.4,16
1730797580,1318.5,2
1730797582,1318.5,17
1730797584,1318.5,2
1730797586,1318.5,37
1730797588,1318.5,12
1730797590,1318.6,25
1730797592,1318.5,2
1730797594,1318.5,1
1730797598,1318.6,1
1730797600,1318.6,1
1730797602,1318.6,1
1730797604,1318.6,6
1730797606,1318.7,7
1730797608,1318.6,2
1730797610,1318.7,1
1730797612,1318.7,2
1730797614,1318.7,1
1730797616,1318.7,1
1730797618,1318.6,3
1730797622,1318.6,1
1730797624,1318.6,1
1730797626,1318.7,3
1730797628,1318.6,4
1730797630,1318.6,1
1730797632,1318.6,5
1730797634,1318.7,9
1730797636,1318.6,1
1730797640,1318.7,2
1730797642,1318.6,3
1730797644,1318.7,1
1730797648,1318.6,1
1730797650,1318.6,10
1730797654,1318.7,14
1730797656,1318.7,2
1730797658,1318.7,6
1730797662,1318.8,1
1730797664,1318.8,24
1730797666,1318.8,1
1730797668,1318.7,1
1730797670,1318.8,1
1730797672,1318.6,83
1730797674,1318.6,2
1730797676,1318.6,1
1730797680,1318.6,2
1730797682,1318.6,38
1730797684,1318.7,2
1730797686,1318.8,8
1730797688,1318.7,4
1730797692,1318.6,3
1730797696,1318.7,5
1730797708,1318.6,8
1730797710,1318.7,1
1730797712,1318.7,1
1730797718,1318.6,6
1730797720,1318.6,1
1730797722,1318.7,1
1730797724,1318.6,5
1730797726,1318.6,3
1730797728,1318.6,3
1730797730,1318.6,4
1730797732,1318.6,1
1730797734,1318.6,1
1730797736,1318.6,1
1730797738,1318.6,9
1730797742,1318.6,22
1730797744,1318.5,3
1730797746,1318.3,58
1730797750,1318.3,10
1730797752,1318.3,20
1730797754,1318.3,7
1730797756,1318.3,4
1730797758,1318.3,38
1730797760,1318.2,6
1730797762,1318.2,16
1730797764,1318.1,24
1730797766,1318.2,31
1730797768,1318.1,13
1730797770,1318.1,17
1730797772,1318.2,1
1730797774,1318.1,69
1730797776,1318.1,5
1730797778,1318.1,2
1730797780,1318.1,7
1730797782,1318.1,7
1730797784,1318,43
1730797786,1318.2,88
1730797788,1318,7
1730797790,1318.1,17
1730797792,1318,22
1730797794,1318,49
1730797796,1318,5
1730797798,1318,2
1730797800,1318,2
1730797802,1318.1,10
1730797804,1318,5
1730797806,1318.1,6
1730797808,1318,4
1730797810,1318.1,14
1730797812,1318.1,1
1730797814,1318,21
1730797824,1318.1,26
1730797826,1318.1,3
1730797828,1318.1,3
1730797832,1318.1,20
1730797834,1318.1,4
1730797836,1318.2,1
1730797838,1318.2,5
1730797840,1318.2,3
1730797844,1318.2,3
1730797846,1318.2,16
1730797850,1318.3,5
1730797852,1318.2,2
1730797854,1318.3,3
1730797856,1318.3,4
1730797858,1318.3,12
1730797860,1318.2,11
1730797864,1318.3,2
1730797866,1318.2,1
1730797868,1318.2,34
1730797872,1318.3,5
1730797874,1318.3,6
1730797876,1318.3,14
1730797878,1318.4,1
1730797884,1318.3,6
1730797886,1318.3,11
1730797888,1318.4,10
1730797890,1318.4,4
1730797892,1318.5,5
1730797894,1318.5,4
1730797896,1318.3,2
1730797900,1318.5,1
1730797904,1318.3,1
1730797906,1318.3,1
1730797908,1318.3,4
1730797910,1318.5,4
1730797912,1318.4,1
1730797914,1318.3,9
1730797916,1318.3,1
1730797918,1318.5,21
1730797920,1318.3,2
1730797924,1318.3,5
1730797926,1318.3,1
1730797930,1318.5,4
1730797932,1318.5,13
1730797938,1318.3,6
1730797948,1318.4,1
1730797952,1318.3,1
1730797956,1318.5,18
1730797960,1318.4,6
1730797974,1318.5,1
1730797976,1318.4,22
1730797988,1318.4,6
1730797990,1318.3,9
1730797992,1318.4,4
1730797994,1318.4,17
1730797996,1318.4,1
1730797998,1318.3,43
1730798000,1318.1,73
1730798002,1318.3,1
1730798004,1318.1,5
1730798006,1318.1,15
1730798008,1318.2,1
1730798010,1318.1,3
1730798012,1318.1,13
1730798014,1318.1,5
1730798016,1318.1,30
1730798018,1318.1,18
1730798020,1318.1,18
1730798022,1318.1,2
1730798024,1318.1,1
1730798026,1318.1,2
1730798028,1318.1,7
1730798034,1318.3,2
1730798036,1318.2,2
1730798038,1318.2,7
1730798040,1318.3,3
1730798042,1318.3,2
1730798044,1318.2,1
1730798046,1318.3,6
1730798048,1318.3,14
1730798050,1318.3,1
1730798052,1318.3,12
1730798056,1318.3,5
1730798062,1318.3,1
1730798064,1318.3,4
1730798068,1318.3,1
1730798072,1318.3,4
1730798074,1318.3,1
1730798076,1318.2,1
1730798078,1318.3,18
1730798080,1318.3,1
1730798084,1318.3,5
1730798086,1318.3,1
1730798088,1318.3,1
1730798090,1318.4,2
1730798094,1318.4,1
1730798096,1318.4,1
1730798102,1318.4,4
1730798106,1318.4,1
1730798108,1318.3,30
1730798110,1318.5,38
1730798112,1318.4,2
1730798114,1318.5,44
1730798116,1318.6,1
1730798118,1318.6,17
1730798120,1318.6,9
1730798122,1318.8,43
1730798124,1318.7,13
1730798126,1318.8,21
1730798128,1318.8,2
1730798130,1318.8,14
1730798132,1318.7,24
1730798134,1318.8,13
1730798136,1318.8,1
1730798138,1318.8,21
1730798140,1318.8,1
1730798142,1318.8,5
1730798144,1318.9,22
1730798146,1318.8,8
1730798148,1318.8,3
1730798152,1318.9,7
1730798154,1319,2
1730798156,1319,20
1730798158,1319,22
1730798160,1319,23
1730798162,1319,82
1730798164,1319.2,15
1730798166,1319,47
1730798168,1319,14
1730798170,1318.9,33
1730798172,1318.9,25
1730798174,1318.9,26
1730798176,1318.7,28
1730798178,1318.7,8
1730798180,1318.7,19
1730798182,1318.8,1
1730798184,1318.8,2
1730798186,1318.8,36
1730798188,1319,9
1730798192,1319.1,36
1730798194,1319.1,45
1730798196,1319,17
1730798200,1319.1,3
1730798202,1319.1,11
1730798204,1319.1,7
1730798206,1319.1,6
1730798208,1319.1,49
1730798210,1319.1,7
1730798212,1319.2,46
1730798214,1319.2,64
1730798216,1319.3,1
1730798218,1319.3,43
1730798222,1319.3,66
1730798224,1319.4,10
1730798226,1319.4,24
1730798228,1319.5,43
1730798230,1319.4,26
1730798232,1319.4,13
1730798234,1319.4,37
1730798236,1319.2,36
1730798238,1319.2,6
1730798240,1319.3,13
1730798242,1319.2,105
1730798244,1319.3,2
1730798246,1319.4,4
1730798248,1319.4,25
1730798252,1319.4,3
1730798254,1319.4,26
1730798256,1319.4,9
1730798258,1319.5,14
1730798260,1319.4,3
1730798262,1319.4,17
1730798264,1319.3,14
1730798266,1319.4,17
1730798268,1319.4,29
1730798270,1319.5,6
1730798272,1319.4,4
1730798274,1319.5,5
1730798276,1319.5,30
1730798278,1319.5,22
1730798280,1319.5,7
1730798284,1319.5,30
1730798286,1319.5,7
1730798288,1319.5,17
1730798290,1319.6,35
1730798292,1319.5,5
1730798294,1319.5,71
1730798296,1319.5,1
1730798298,1319.6,29
1730798300,1319.5,23
1730798302,1319.5,4
1730798304,1319.6,17
1730798306,1319.6,7
1730798308,1319.6,1
1730798310,1319.5,8
1730798312,1319.5,41
1730798314,1319.5,6
1730798316,1319.5,11
1730798318,1319.5,8
1730798320,1319.5,6
1730798322,1319.5,4
1730798324,1319.5,14
1730798326,1319.5,9
1730798328,1319.3,13
1730798330,1319.4,2
1730798332,1319.4,10
1730798334,1319.4,5
1730798336,1319.3,35
1730798338,1319.3,9
1730798340,1319.3,5
1730798342,1319.4,12
1730798344,1319.4,5
1730798346,1319.3,10
1730798348,1319.3,7
1730798350,1319.3,12
1730798352,1319.4,40
1730798354,1319.4,38
1730798356,1319.4,1
1730798364,1319.4,11
1730798366,1319.4,3
1730798368,1319.4,9
1730798370,1319.4,2
1730798372,1319.4,1
1730798374,1319.5,105
1730798378,1319.6,18
1730798380,1319.6,24
1730798382,1319.6,31
1730798384,1319.6,1
1730798386,1319.6,19
1730798388,1319.7,13
1730798390,1319.7,101
1730798392,1319.7,1
1730798394,1319.7,15
1730798396,1319.6,246
1730798398,1319.5,11
1730798400,1319.5,26
1730798404,1319.4,37
1730798406,1319.3,41
1730798408,1319.4,5
1730798410,1319.3,17
1730798414,1319.2,43
1730798416,1319.2,4
1730798418,1319.3,11
1730798420,1319.1,80
1730798422,1319.2,29
1730798424,1319.2,22
1730798426,1319.2,2
1730798428,1319.2,17
1730798430,1319.2,7
1730798432,1319.2,4
1730798434,1319.2,13
1730798436,1319.2,12
1730798438,1319.2,8
1730798440,1319.2,8
1730798442,1319.2,1
1730798444,1319.2,4
1730798446,1319.2,11
1730798448,1319.1,2
1730798450,1319.1,43
1730798452,1319.1,15
1730798454,1319.1,4
1730798456,1319,41
1730798458,1319.1,64
1730798460,1319,25
1730798462,1319,5
1730798464,1319,10
1730798466,1318.8,24
1730798468,1318.7,47
1730798470,1318.6,5
1730798472,1318.7,49
1730798474,1318.7,35
1730798476,1318.6,78
1730798478,1318.7,5
1730798480,1318.5,10
1730798482,1318.5,14
1730798484,1318.7,5
1730798486,1318.7,21
1730798488,1318.6,1
1730798494,1318.6,24
1730798496,1318.7,5
1730798498,1318.7,1
1730798500,1318.7,5
1730798502,1318.7,3
1730798504,1318.6,15
1730798506,1318.6,36
1730798508,1318.5,57
1730798510,1318.2,48
1730798512,1318.5,45
1730798514,1318.2,2
1730798516,1318.5,39
1730798518,1318.3,19
1730798520,1318.3,23
1730798522,1318.3,26
1730798524,1318.3,6
1730798526,1318.5,24
1730798528,1318.6,20
1730798530,1318.6,9
1730798532,1318.5,52
1730798534,1318.6,5
1730798536,1318.6,1
1730798538,1318.5,16
1730798540,1318.5,57
1730798542,1318.6,1
1730798544,1318.5,51
1730798546,1318.6,3
1730798548,1318.5,4
1730798550,1318.6,2
1730798552,1318.5,10
1730798554,1318.5,1
1730798556,1318.5,35
1730798558,1318.6,8
1730798560,1318.6,1
1730798562,1318.5,1
1730798564,1318.5,3
1730798566,1318.6,1
1730798568,1318.5,11
1730798570,1318.5,6
1730798572,1318.5,2
1730798574,1318.6,25
1730798578,1318.5,1
1730798580,1318.6,7
1730798582,1318.6,11
1730798584,1318.7,14
1730798586,1318.6,2
1730798588,1318.8,20
1730798590,1318.6,2
1730798592,1318.7,16
1730798594,1318.6,1
1730798596,1318.7,2
1730798604,1318.8,10
1730798606,1318.9,2
1730798608,1318.8,2
1730798610,1318.9,4
1730798612,1318.9,5
1730798614,1318.8,6
1730798616,1319,20
1730798618,1319,38
1730798620,1318.9,6
1730798622,1319,1
1730798624,1319,1
1730798626,1318.9,3
1730798628,1318.9,1
1730798630,1318.8,9
1730798632,1318.8,2
1730798634,1318.8,9
1730798636,1318.8,6
1730798640,1318.8,2
1730798642,1318.8,10
1730798644,1318.8,1
1730798646,1318.7,3
1730798648,1318.8,2
1730798650,1318.8,25
1730798652,1318.8,4
1730798654,1318.8,9
1730798656,1318.7,5
1730798658,1318.8,13
1730798660,1318.8,7
1730798662,1318.9,21
1730798666,1318.8,1
1730798668,1319,88
1730798672,1318.9,1
1730798674,1319,2
1730798678,1319,3
1730798680,1319,2
1730798682,1319,6
1730798684,1319,2
1730798686,1319,22
1730798688,1319,8
1730798690,1319,5
1730798692,1319.1,24
1730798694,1319.1,1
1730798696,1319,1
1730798698,1319.1,1
1730798700,1319,28
1730798702,1319.1,49
1730798706,1319.2,6
1730798708,1319.2,1
1730798710,1319.1,12
1730798712,1319.2,21
1730798714,1319.2,7
1730798722,1319.2,2
1730798724,1319.2,3
1730798726,1319.2,1
1730798730,1319.1,1
1730798732,1319.2,11
1730798734,1319.2,17
1730798736,1319.3,8
1730798740,1319.2,1
1730798742,1319.3,44
1730798744,1319.3,7
1730798748,1319.3,9
1730798750,1319.2,3
1730798752,1319.3,1
1730798754,1319.4,5
1730798756,1319.3,3
1730798758,1319.4,4
1730798762,1319.4,2
1730798764,1319.4,1
1730798766,1319.4,17
1730798768,1319.4,24
1730798770,1319.4,6
1730798776,1319.3,36
1730798778,1319.3,24
1730798782,1319.2,29
1730798784,1319.2,19
1730798786,1319.2,21
1730798788,1319.1,7
1730798790,1319.2,5
1730798792,1319.2,6
1730798794,1319.1,7
1730798796,1319.2,8
1730798798,1319.2,6
1730798800,1319.1,2
1730798802,1319.2,1
1730798808,1319.1,1
1730798810,1319.1,24
1730798814,1319.1,1
1730798816,1319.1,3
1730798818,1319,2
1730798820,1319,6
1730798822,1319.1,1
1730798824,1319,2
1730798826,1319.1,6
1730798828,1319,3
1730798830,1319.1,9
1730798834,1319.1,1
1730798836,1319.1,3
1730798838,1319.1,1
1730798846,1319,2
1730798848,1318.9,12
1730798850,1318.9,9
1730798852,1318.9,1
1730798858,1318.8,2
1730798860,1318.8,16
1730798862,1318.7,12
1730798864,1318.8,5
1730798866,1318.8,9
1730798868,1318.8,3
1730798870,1318.8,2
1730798872,1318.8,4
1730798874,1318.8,1
1730798876,1318.8,3
1730798878,1318.8,8
1730798880,1318.8,3
1730798882,1318.8,1
1730798884,1318.7,8
1730798888,1318.8,1
1730798890,1318.8,1
1730798892,1318.7,5
1730798894,1318.7,3
1730798896,1318.8,16
1730798898,1318.7,13
1730798906,1319,22
1730798908,1319,4
1730798910,1319,1
1730798912,1319,2
1730798914,1319,2
1730798916,1319,1
1730798918,1318.9,1
1730798922,1319,10
1730798924,1319.1,1
1730798926,1319.1,10
1730798928,1319,11
1730798930,1319,8
1730798932,1319,1
1730798940,1318.9,1
1730798946,1318.9,2
1730798948,1319,14
1730798950,1318.8,17
1730798952,1319,18
1730798958,1319,1
1730798962,1319,3
1730798964,1319,3
1730798972,1319,1
1730798974,1319.1,1
1730798976,1319.1,3
1730798978,1319.1,1
1730798980,1319,1
1730798984,1319,1
1730798988,1319,1
1730798994,1319.1,1
1730798996,1319,1
1730798998,1319,58
1730799000,1319,18
1730799002,1319,4
1730799004,1318.9,4
1730799006,1319,6
1730799008,1319,43
1730799010,1318.9,6
1730799012,1318.9,4
1730799014,1319,1
1730799016,1318.9,1
1730799018,1319,36
1730799020,1319,12
1730799022,1318.9,33
1730799024,1318.9,4
1730799026,1318.9,4
1730799028,1319,18
1730799030,1319.1,9
1730799032,1319.2,16
1730799034,1319.2,6
1730799036,1319.2,32
1730799038,1319.2,7
1730799040,1319.3,229
1730799042,1319.4,1
1730799044,1319.3,11
1730799046,1319.4,48
1730799048,1319.3,1
1730799050,1319.3,6
1730799054,1319.3,4
1730799056,1319.4,62
1730799058,1319.3,2
1730799060,1319.3,2
1730799062,1319.3,11
1730799064,1319.3,4
1730799066,1319.3,12
1730799068,1319.3,1
1730799070,1319.3,10
1730799072,1319.3,7
1730799074,1319.3,2
1730799076,1319.4,63
1730799078,1319.4,1
1730799080,1319.5,155
1730799082,1319.6,13
1730799084,1319.7,173
1730799086,1319.8,89
1730799088,1319.7,55
1730799090,1320,280
1730799092,1320,12
1730799094,1320,144
1730799096,1320.1,59
1730799098,1320,9
1730799100,1320.2,47
1730799102,1320,26
1730799104,1320.2,25
1730799106,1320,42
1730799108,1320,18
1730799110,1320,80
1730799112,1320,21
1730799114,1319.9,17
1730799116,1319.8,9
1730799118,1319.9,2
1730799120,1319.8,4
1730799122,1319.9,10
1730799124,1319.9,11
1730799126,1319.9,3
1730799128,1319.8,5
1730799130,1320,42
1730799132,1320,87
1730799134,1320,47
1730799136,1320,32
1730799138,1320,13
1730799140,1319.9,21
1730799142,1319.9,4
1730799144,1319.8,67
1730799146,1319.8,5
1730799148,1319.8,1
1730799150,1319.8,15
1730799154,1319.8,2
1730799156,1319.8,5
1730799158,1319.8,19
1730799160,1319.9,4
1730799162,1319.8,2
1730799164,1319.9,9
1730799166,1319.8,15
1730799168,1319.7,37
1730799172,1319.6,11
1730799176,1319.6,12
1730799178,1319.7,33
1730799180,1319.5,18
1730799182,1319.6,20
1730799184,1319.6,16
1730799186,1319.5,76
1730799188,1319.5,21
1730799190,1319.8,9
1730799192,1319.6,25
1730799194,1319.7,1
1730799196,1319.6,32
1730799198,1319.6,35
1730799204,1319.7,2
1730799206,1319.9,6
1730799208,1319.9,8
1730799210,1319.9,3
1730799212,1319.8,1
1730799214,1319.9,7
1730799220,1319.8,3
1730799226,1319.7,1
1730799228,1319.7,7
1730799230,1319.8,14
1730799232,1319.8,8
1730799234,1319.8,4
1730799236,1319.8,1
1730799238,1319.8,12
1730799240,1319.9,44
1730799242,1319.9,24
1730799244,1319.9,51
1730799246,1319.9,90
1730799248,1320.1,40
1730799250,1320.2,20
1730799252,1320,10
1730799254,1319.9,3
1730799256,1320.1,9
1730799258,1319.9,128
1730799260,1319.9,1
1730799262,1320,23
1730799264,1320,1
1730799266,1319.9,34
1730799268,1319.9,4
1730799270,1319.9,2
1730799272,1319.9,8
1730799274,1319.8,5
1730799276,1319.7,22
1730799278,1319.8,5
1730799280,1319.8,5
1730799282,1319.7,3
1730799284,1319.7,58
1730799286,1319.5,20
1730799288,1319.5,77
1730799290,1319.5,65
1730799292,1319.5,21
1730799294,1319.3,15
1730799296,1319.5,12
1730799298,1319.5,12
1730799300,1319.5,7
1730799302,1319.5,6
1730799304,1319.6,18
1730799306,1319.5,18
1730799308,1319.6,16
1730799310,1319.5,62
1730799316,1319.6,2
1730799318,1319.5,5
1730799320,1319.6,4
1730799322,1319.7,49
1730799324,1319.8,1
1730799326,1319.8,6
1730799328,1319.7,8
1730799330,1319.7,6
1730799332,1319.8,1
1730799334,1319.8,2
1730799336,1319.8,36
1730799338,1319.7,9
1730799340,1319.8,3
1730799342,1319.8,21
1730799348,1319.7,2
1730799350,1319.6,5
1730799352,1319.8,1
1730799354,1319.7,10
1730799356,1319.7,1
1730799358,1319.7,1
1730799360,1319.7,5
1730799362,1319.7,13
1730799366,1319.7,3
1730799368,1319.7,1
1730799370,1319.7,1
1730799372,1319.6,4
1730799374,1319.7,9
1730799376,1319.7,48
1730799382,1319.7,93
1730799386,1319.8,28
1730799388,1319.8,52
1730799392,1319.7,4
1730799394,1319.8,4
1730799398,1319.8,5
1730799400,1319.8,20
1730799404,1319.8,14
1730799406,1319.8,8
1730799408,1319.8,17
1730799410,1319.7,60
1730799412,1319.7,1
1730799414,1319.6,3
1730799416,1319.6,2
1730799418,1319.7,3
1730799420,1319.6,4
1730799422,1319.7,3
1730799424,1319.6,4
1730799426,1319.7,7
1730799428,1319.6,2
1730799432,1319.6,2
1730799436,1319.6,5
1730799442,1319.6,12
1730799446,1319.5,37
1730799450,1320,100
1730799454,1319.5,43
1730799458,1319.5,60
1730799462,1319.5,33
1730799464,1319.5,5
1730799466,1319.5,1
1730799468,1319.4,1
1730799470,1319.5,1
1730799472,1319.5,4
1730799474,1319.5,13
1730799476,1319.5,1
1730799478,1319.4,20
1730799480,1319.4,29
1730799482,1319.5,14
1730799486,1319.4,2
1730799490,1319.5,4
1730799492,1319.4,17
1730799494,1319.4,18
1730799496,1319.5,1
1730799498,1319.4,1
1730799500,1319.5,7
1730799504,1319.5,16
1730799506,1319.6,10
1730799508,1319.7,1
1730799518,1319.7,2
1730799522,1319.7,1
1730799524,1319.7,7
1730799526,1319.5,1
1730799528,1319.7,1
1730799530,1319.7,5
1730799538,1319.7,1
1730799540,1319.8,43
1730799544,1319.9,2
1730799546,1319.9,17
1730799548,1319.8,4
1730799550,1319.9,28
1730799552,1319.9,14
1730799554,1320,1
1730799556,1319.9,2
1730799558,1319.9,23
1730799560,1320,21
1730799562,1319.9,11
1730799564,1320,3
1730799566,1320,37
1730799568,1320,8
1730799570,1319.9,12
1730799572,1320,5
1730799574,1320,4
1730799576,1319.9,1
1730799578,1320,1
1730799580,1319.9,2
1730799582,1320,26
1730799584,1320,1
1730799586,1320,28
1730799588,1319.9,1
1730799590,1319.9,1
1730799592,1319.8,3
1730799594,1319.8,45
1730799596,1319.8,4
1730799598,1319.9,3
1730799600,1319.9,9
1730799602,1319.8,1
1730799604,1319.8,3
1730799606,1319.9,12
1730799608,1320,88
1730799610,1319.8,10
1730799612,1319.9,103
1730799614,1320,4
1730799616,1320,2
1730799618,1320,7
1730799620,1320,21
1730799622,1320.1,10
1730799624,1320.1,3
1730799626,1320.1,76
1730799628,1320.1,13
1730799630,1320.3,21
1730799632,1320.3,10
1730799634,1320.4,44
1730799636,1320.3,32
1730799638,1320.4,80
1730799640,1320.3,19
1730799642,1320,17
1730799644,1320.2,1
1730799646,1320,34
1730799648,1320,1
1730799650,1320.2,7
1730799652,1319.9,25
1730799654,1320,7
1730799656,1320,1
1730799658,1320.2,47
1730799660,1320,2
1730799662,1320.2,11
1730799664,1320.2,6
1730799666,1320.2,1
1730799668,1320.1,37
1730799670,1320.1,4
1730799672,1320.1,2
1730799674,1320.1,3
1730799676,1320.2,19
1730799678,1320.2,3
1730799680,1320.2,1
1730799682,1320.2,5
1730799684,1320.2,3
1730799686,1320.2,6
1730799688,1320.1,9
1730799690,1320.2,1
1730799692,1320.1,2
1730799694,1320,3
1730799696,1319.9,20
1730799698,1320,2
1730799700,1320,5
1730799702,1320,1
1730799704,1320.1,3
1730799706,1320,1
1730799708,1320,11
1730799710,1320,1
1730799712,1320,10
1730799714,1320,8
1730799716,1320,1
1730799718,1320.1,1
1730799720,1320,2
1730799722,1320,14
1730799728,1320,20
1730799732,1319.9,2
1730799734,1320,3
1730799736,1320,7
1730799738,1319.9,22
1730799740,1320,1
1730799742,1319.9,5
1730799744,1319.9,5
1730799746,1319.9,6
1730799748,1319.9,2
1730799750,1319.9,3
1730799752,1319.8,3
1730799756,1319.9,11
1730799758,1319.8,4
1730799760,1319.9,1
1730799762,1319.9,6
1730799764,1319.9,27
1730799766,1319.8,2
1730799768,1319.7,1
1730799770,1319.9,10
1730799772,1319.7,1
1730799774,1319.7,9
1730799776,1319.7,12
1730799778,1319.8,1
1730799780,1319.7,5
1730799782,1319.8,1
1730799784,1319.9,5
1730799786,1319.8,4
1730799788,1319.8,1
1730799794,1319.7,16
1730799798,1319.8,28
1730799800,1319.8,2
1730799802,1319.8,1
1730799804,1319.7,1
1730799806,1319.9,35
1730799808,1319.8,10
1730799810,1319.9,1
1730799812,1319.8,4
1730799814,1319.9,1
1730799816,1319.8,2
1730799818,1319.7,2
1730799820,1319.7,1
1730799822,1319.7,1
1730799824,1319.7,7
1730799830,1319.7,1
1730799832,1319.7,4
1730799834,1319.7,1
1730799836,1319.7,5
1730799838,1319.7,27
1730799840,1319.7,1
1730799842,1319.7,2
1730799844,1319.7,15
1730799846,1319.6,5
1730799848,1319.6,16
1730799850,1319.7,17
1730799852,1319.6,2
1730799854,1319.6,50
1730799856,1319.7,3
1730799860,1319.6,5
1730799862,1319.6,6
1730799864,1319.6,20
1730799866,1319.5,7
1730799868,1319.5,14
1730799870,1319.5,1
1730799872,1319.5,20
1730799874,1319.5,9
1730799876,1319.5,2
1730799878,1319.5,102
1730799880,1319.5,5
1730799882,1319.5,52
1730799884,1319.5,6
1730799886,1319.5,17
1730799888,1319.5,3
1730799890,1319.4,4
1730799892,1319.5,9
1730799894,1319.4,6
1730799896,1319.3,8
1730799898,1319.4,4
1730799900,1319.4,5
1730799902,1319.5,42
1730799904,1319.4,48
1730799906,1319.9,142
1730799908,1319.5,10
1730799910,1319.9,3
1730799912,1319.7,9
1730799914,1319.8,54
1730799916,1319.8,13
1730799918,1319.8,1
1730799922,1319.8,23
1730799924,1319.8,1
1730799928,1319.5,3
1730799930,1319.7,21
1730799932,1319.6,1
1730799934,1319.6,17
1730799936,1319.6,1
1730799938,1319.6,1
1730799940,1319.6,2
1730799942,1319.6,5
1730799946,1319.8,13
1730799948,1319.6,12
1730799950,1319.7,1
1730799954,1319.6,5
1730799958,1319.7,19
1730799960,1319.6,10
1730799962,1319.6,15
1730799964,1319.6,5
1730799966,1319.6,15
1730799968,1319.7,1
1730799970,1319.6,17
1730799972,1319.6,1
1730799974,1319.7,12
1730799978,1319.6,32
1730799980,1319.6,2
1730799982,1319.6,2
1730799984,1319.6,2
1730799988,1319.6,1
1730799990,1319.6,2
1730799992,1319.6,2
1730799998,1319.6,1
1730800000,1319.6,1
1730800004,1319.6,6
1730800012,1319.5,12
1730800014,1319.5,7
1730800016,1319.6,1
1730800018,1319.5,34
1730800020,1319.4,25
1730800022,1319.4,20
1730800024,1319.4,17
1730800026,1319.4,1
1730800028,1319.2,43
1730800030,1319.2,5
1730800032,1319.2,38
1730800034,1319.2,36
1730800036,1319.1,15
1730800038,1319.1,30
1730800040,1319.1,5
1730800042,1319.1,16
1730800044,1319.1,44
1730800046,1319,1
1730800048,1319.1,13
1730800050,1319.1,59
1730800052,1319,18
1730800054,1319.1,1
1730800056,1319.1,32
1730800058,1319.1,1
1730800060,1319.1,17
1730800062,1319.2,1
1730800064,1319,18
1730800066,1319.1,12
1730800068,1319,7
1730800070,1319.2,13
1730800072,1319.1,7
1730800074,1319.1,6
1730800076,1319.1,11
1730800078,1319.1,7
1730800080,1319.1,4
1730800082,1319.1,12
1730800084,1319,5
1730800086,1319.2,6
1730800088,1319.1,2
1730800090,1319.1,2
1730800092,1319.1,2
1730800094,1319.1,5
1730800096,1319,114
1730800098,1319.2,111
1730800100,1319,20
1730800102,1319,13
1730800104,1318.9,7
1730800108,1319,29
1730800112,1318.8,1
1730800114,1318.8,27
1730800116,1318.8,5
1730800118,1318.8,13
1730800122,1318.8,2
1730800124,1318.8,52
1730800126,1318.9,1
1730800128,1318.8,66
1730800130,1318.7,67
1730800132,1318.6,43
1730800134,1318.8,30
1730800136,1318.6,62
1730800138,1318.8,26
1730800140,1318.6,52
1730800142,1318.7,20
1730800144,1318.9,10
1730800146,1318.7,2
1730800148,1318.9,17
1730800150,1318.8,21
1730800152,1318.9,2
1730800154,1319,50
1730800156,1319.2,13
1730800158,1319.1,9
1730800160,1319,25
1730800162,1319,2
1730800164,1318.9,6
1730800166,1319,25
1730800168,1318.9,24
1730800170,1319,8
1730800172,1319,3
1730800174,1318.9,28
1730800178,1318.9,1
1730800180,1319,5
1730800188,1318.9,1
1730800190,1318.9,1
1730800192,1318.8,1
1730800194,1318.9,8
1730800196,1318.8,10
1730800198,1318.8,171
1730800200,1318.8,2
1730800202,1318.5,14
1730800204,1318.8,1
1730800206,1318.5,51
1730800208,1318.5,4
1730800210,1318.4,34
1730800214,1318.4,98
1730800216,1318.7,11
1730800218,1318.5,10
1730800220,1318.5,43
1730800222,1318.5,12
1730800224,1318.5,3
1730800226,1318.7,26
1730800228,1318.7,7
1730800230,1318.6,9
1730800232,1318.5,2
1730800234,1318.6,7
1730800236,1318.6,3
1730800238,1318.6,2
1730800240,1318.5,35
1730800242,1318.6,9
1730800246,1318.6,20
1730800248,1318.6,21
1730800250,1318.6,10
1730800252,1318.4,39
1730800254,1318.5,1
1730800256,1318.4,11
1730800258,1318.4,2
1730800260,1318.5,1
1730800262,1318.4,9
1730800264,1318.5,4
1730800266,1318.4,25
1730800268,1318.4,28
1730800270,1318.4,11
1730800272,1318.5,7
1730800274,1318.4,43
1730800276,1318.5,18
1730800278,1318.5,1
1730800280,1318.5,72
1730800282,1318.5,1
1730800284,1318.5,83
1730800286,1318.6,38
1730800288,1318.6,34
1730800290,1318.6,49
1730800294,1318.6,12
1730800296,1318.7,115
1730800298,1318.7,1
1730800300,1318.6,16
1730800304,1318.6,46
1730800306,1318.7,1
1730800310,1318.6,6
1730800312,1318.7,15
1730800314,1318.7,5
1730800316,1318.7,12
1730800318,1318.6,7
1730800320,1318.8,20
1730800322,1318.7,37
1730800324,1318.5,44
1730800326,1318.9,12
1730800328,1318.8,1
1730800330,1318.7,5
1730800332,1318.7,6
1730800334,1318.8,7
1730800336,1318.7,9
1730800338,1318.7,7
1730800342,1318.6,2
1730800344,1318.6,2
1730800350,1318.6,4
1730800352,1318.7,3
1730800354,1318.6,16
1730800356,1318.6,14
1730800358,1318.6,1
1730800360,1318.6,3
1730800362,1318.6,10
1730800364,1318.5,39
1730800366,1318.4,53
1730800368,1318.5,6
1730800370,1318.4,6
1730800372,1318.4,1
1730800374,1318.5,37
1730800376,1318.4,91
1730800378,1318.4,3
1730800380,1318.5,22
1730800382,1318.4,23
1730800384,1318.5,44
1730800386,1318.5,5
1730800388,1318.4,37
1730800390,1318.4,1
1730800392,1318.4,4
1730800394,1318.5,1
1730800396,1318.4,3
1730800398,1318.5,1
1730800400,1318.5,27
1730800404,1318.5,8
1730800406,1318.5,10
1730800408,1318.4,5
1730800410,1318.5,2
1730800412,1318.5,6
1730800414,1318.4,105
1730800416,1318.4,2
1730800420,1318.5,9
1730800422,1318.4,12
1730800424,1318.4,27
1730800426,1318.4,16
1730800428,1318.5,1
1730800430,1318.5,31
1730800434,1318.4,5
1730800436,1318.5,8
1730800438,1318.5,81
1730800440,1318.6,31
1730800442,1318.5,2
1730800444,1318.5,5
1730800446,1318.5,34
1730800448,1318.6,61
1730800450,1318.6,1
1730800452,1318.9,90
1730800454,1318.9,1
1730800456,1318.7,2
1730800458,1318.7,3
1730800460,1318.7,7
1730800462,1318.7,2
1730800466,1318.7,2
1730800468,1318.8,10
1730800470,1318.7,1
1730800472,1318.7,4
1730800474,1318.7,1
1730800476,1318.7,3
1730800478,1318.7,1
1730800480,1318.7,14
1730800482,1318.6,6
1730800484,1318.7,1
1730800486,1318.7,1
1730800488,1318.6,1
1730800494,1318.7,3
1730800498,1318.6,4
1730800502,1318.7,4
1730800504,1318.6,7
1730800506,1318.6,18
1730800510,1318.6,8
1730800512,1318.6,66
1730800514,1318.6,7
1730800516,1318.6,12
1730800518,1318.6,4
1730800520,1318.6,23
1730800524,1318.6,2
1730800526,1318.6,86
1730800528,1318.7,8
1730800530,1318.8,4
1730800532,1318.7,11
1730800534,1318.7,8
1730800536,1318.7,20
1730800538,1318.5,3
1730800542,1318.5,34
1730800544,1318.7,3
1730800546,1318.6,2
1730800548,1318.6,31
1730800550,1318.5,32
1730800552,1318.6,10
1730800554,1318.4,1
1730800556,1318.5,54
1730800558,1318.3,194
1730800560,1318.3,50
1730800562,1318.2,3
1730800564,1318.2,20
1730800566,1318.2,56
1730800568,1318.2,10
1730800570,1318.1,3
1730800572,1318.1,49
1730800574,1318.2,122
1730800576,1318.2,164
1730800578,1318.2,37
1730800580,1318,29
1730800582,1318.2,2
1730800584,1318,28
1730800586,1318.1,37
1730800588,1318.1,28
1730800590,1318.2,32
1730800592,1318,15
1730800594,1318.2,26
1730800596,1318.2,3
1730800598,1318.1,3
1730800600,1318,28
1730800602,1318,1
1730800606,1318.1,11
1730800610,1318.1,94
1730800612,1318.1,15
1730800614,1318,66
1730800616,1318.2,2
1730800618,1318,5
1730800620,1318.1,109
1730800622,1318,36
1730800624,1318,17
1730800626,1317.9,29
1730800628,1317.8,58
1730800630,1317.7,129
1730800632,1318,64
1730800634,1318,21
1730800636,1317.7,111
1730800638,1317.7,5
1730800640,1318,16
1730800642,1318.1,28
1730800644,1318,17
1730800646,1318,55
1730800648,1318.1,34
1730800650,1318,12
1730800652,1318.1,19
1730800654,1318.2,45
1730800656,1318.3,119
1730800658,1318.4,26
1730800660,1318.3,2
1730800662,1318.5,21
1730800664,1318.3,50
1730800666,1318.2,11
1730800668,1318.3,6
1730800670,1318.2,42
1730800672,1318.4,28
1730800674,1318.2,30
1730800678,1318.2,4
1730800680,1318.3,1
1730800682,1318.3,27
1730800684,1318.3,11
1730800686,1318.4,14
1730800688,1318.3,8
1730800690,1318.4,3
1730800692,1318.3,1
1730800694,1318.3,5
1730800696,1318.4,25
1730800698,1318.4,6
1730800700,1318.3,22
1730800702,1318.4,15
1730800704,1318.4,21
1730800706,1318.4,7
1730800708,1318.4,38
1730800710,1318.4,87
1730800712,1318.4,1
1730800714,1318.4,9
1730800716,1318.4,20
1730800718,1318.5,7
1730800724,1318.5,1
1730800728,1318.5,3
1730800730,1318.4,1
1730800732,1318.5,2
1730800734,1318.5,5
1730800736,1318.5,2
1730800738,1318.5,2
1730800740,1318.4,2
1730800742,1318.5,51
1730800744,1318.5,10
1730800746,1318.4,106
1730800748,1318.4,10
1730800750,1318.5,37
1730800752,1318.5,31
1730800754,1318.5,1
1730800756,1318.5,1
1730800758,1318.5,6
1730800760,1318.4,93
1730800762,1318.5,1
1730800764,1318.7,7
1730800766,1318.7,4
1730800770,1318.7,18
1730800772,1318.7,5
1730800774,1318.7,3
1730800776,1318.7,1
1730800778,1318.7,2
1730800780,1318.7,2
1730800782,1318.7,3
1730800784,1318.6,1
1730800786,1318.7,11
1730800788,1318.7,11
1730800790,1318.7,7
1730800792,1318.6,1
1730800794,1318.8,6
1730800796,1318.8,3
1730800798,1318.8,2
1730800800,1318.7,10
1730800802,1318.8,11
1730800804,1318.8,5
1730800806,1318.7,3
1730800808,1318.8,6
1730800810,1318.8,1
1730800812,1318.7,9
1730800814,1318.8,11
1730800817,1318.8,3
1730800818,1318.8,1
1730800820,1318.8,1
1730800822,1318.8,2
1730800824,1318.7,13
1730800826,1318.8,12
1730800828,1318.8,2
1730800830,1318.8,1
1730800832,1318.8,1
1730800834,1318.8,23
1730800836,1318.8,49
1730800838,1318.8,3
1730800840,1318.9,31
1730800842,1318.9,7
1730800844,1318.8,59
1730800846,1318.9,87
1730800848,1319,28
1730800850,1319.2,175
1730800852,1319.2,25
1730800854,1319.1,72
1730800856,1319,87
1730800860,1319,13
1730800862,1319,28
1730800864,1319,1
1730800866,1318.9,1
1730800868,1318.9,2
1730800870,1318.9,1
1730800872,1318.9,3
1730800874,1318.9,3
1730800876,1319,12
1730800878,1319,13
1730800880,1318.9,15
1730800882,1318.9,8
1730800884,1318.9,13
1730800886,1318.9,3
1730800888,1318.8,11
1730800890,1318.9,16
1730800892,1319,59
1730800894,1319,20
1730800896,1319.1,36
1730800898,1319.2,4
1730800900,1318.8,50
1730800902,1319.1,10
1730800904,1319,10
1730800908,1319,1
1730800910,1319,1
1730800912,1319,30
1730800914,1318.9,1
1730800916,1318.9,20
1730800918,1318.9,4
1730800924,1319,11
1730800926,1318.9,3
1730800928,1318.9,2
1730800930,1319,19
1730800932,1319,55
1730800934,1319.2,6
1730800938,1319.2,6
1730800940,1319.2,25
1730800942,1319.2,3
1730800944,1319.2,2
1730800946,1319.2,6
1730800948,1319.2,28
1730800950,1319.2,35
1730800952,1319,18
1730800954,1319,10
1730800956,1319,6
1730800958,1318.9,1
1730800960,1319,10
1730800964,1318.9,12
1730800970,1318.8,1
1730800974,1318.9,1
1730800976,1318.8,30
1730800982,1318.8,2
1730800986,1318.8,4
1730800990,1318.8,27
1730800994,1318.9,4
1730800997,1318.8,25
1730801002,1318.9,59
1730801004,1318.9,11
1730801008,1318.9,2
1730801010,1319,1
1730801012,1319,1
1730801014,1319,18
1730801016,1319,2
1730801018,1319,1
1730801020,1319,2
1730801022,1319,3
1730801024,1319,2
1730801026,1319,3
1730801028,1318.9,20
1730801030,1318.9,20
1730801034,1319,2
1730801038,1319,4
1730801040,1319,5
1730801042,1318.9,1
1730801044,1319,1
1730801046,1319,14
1730801048,1319.1,6
1730801050,1319.1,1
1730801052,1319.1,1
1730801054,1319.4,176
1730801056,1319.5,2
1730801058,1319.4,37
1730801060,1319.1,8
1730801062,1319.4,6
1730801064,1319.4,10
1730801066,1319.4,1
1730801068,1319.4,9
1730801072,1319.3,3
1730801074,1319.1,8
1730801078,1319.2,5
1730801080,1319.2,1
1730801082,1319.2,1
1730801084,1319.2,1
1730801086,1319.1,18
1730801088,1319.1,2
1730801090,1319.1,32
1730801092,1319.1,9
1730801094,1319.1,4
1730801096,1319.1,43
1730801098,1319.1,33
1730801100,1319.1,1
1730801102,1319.2,4
1730801104,1319.3,1
1730801106,1319.2,8
1730801108,1319.1,31
1730801110,1319.1,8
1730801112,1319,4
1730801114,1319.1,6
1730801116,1319,1
1730801118,1319.1,3
1730801120,1319,1
1730801122,1319.1,11
1730801124,1319.1,3
1730801126,1319.1,4
1730801128,1319.1,1
1730801130,1319.1,2
1730801132,1319.1,33
1730801136,1319,1
1730801140,1319,1
1730801144,1319,51
1730801146,1319.1,1
1730801148,1319.1,4
1730801152,1319,3
1730801156,1319,2
1730801160,1319.1,7
1730801162,1319,18
1730801164,1319.1,1
1730801166,1319,8
1730801168,1319,41
1730801178,1318.9,2
1730801180,1318.9,10
1730801182,1318.9,10
1730801184,1318.9,10
1730801186,1318.9,14
1730801188,1318.9,4
1730801190,1318.9,21
1730801192,1318.9,5
1730801194,1318.9,2
1730801196,1318.9,1
1730801202,1318.9,1
1730801204,1318.9,9
1730801206,1318.9,2
1730801208,1319,17
1730801212,1319,2
1730801214,1319,20
1730801216,1318.9,8
1730801218,1318.9,1
1730801220,1319,2
1730801228,1319,1
1730801234,1319,1
1730801236,1319,2
1730801238,1319,1
1730801240,1319,2
1730801258,1318.9,1
1730801260,1318.9,8
1730801268,1318.9,1
1730801280,1318.9,5
1730801282,1318.9,15
1730801288,1319,2
1730801290,1319,4
1730801292,1318.9,2
1730801294,1318.9,2
1730801296,1318.9,1
1730801306,1319,5
1730801308,1319,1
1730801310,1319,16
1730801316,1319.1,9
1730801322,1319.2,2
1730801328,1319.2,1
1730801330,1319.3,35
1730801334,1319.3,35
1730801336,1319.4,2
1730801338,1319.4,3
1730801342,1319.4,2
1730801344,1319.4,7
1730801346,1319.4,12
1730801348,1319.4,6
1730801350,1319.4,9
1730801352,1319.3,5
1730801354,1319.2,1
1730801356,1319.2,1
1730801358,1319,1
1730801360,1319.2,5
1730801362,1319.1,5
1730801364,1319.1,2
1730801366,1319.2,3
1730801368,1319.2,1
1730801370,1319.1,3
1730801372,1319.2,1
1730801374,1319.2,10
1730801382,1319.2,8
1730801386,1319.2,1
1730801392,1319.2,4
1730801394,1319.2,1
1730801398,1319.2,1
1730801400,1319.1,12
1730801402,1319.2,1
1730801404,1319.1,37
1730801406,1319.3,56
1730801408,1319.1,1
1730801410,1319.1,22
1730801412,1319.1,2
1730801414,1319.2,1
1730801418,1319.1,1
1730801428,1319.1,4
1730801430,1319.1,2
1730801432,1319.1,3
1730801436,1319.1,2
1730801438,1319.1,1
1730801440,1319.1,4
1730801444,1319.1,1
1730801446,1319,2
1730801448,1319,2
1730801450,1319.1,16
1730801452,1319,10
1730801454,1318.9,3
1730801456,1318.8,9
1730801458,1318.8,1
1730801460,1318.9,1
1730801464,1318.9,114
1730801466,1318.9,2
1730801474,1318.9,10
1730801476,1318.9,1
1730801478,1319.1,4
1730801480,1319.1,1
1730801482,1319.1,1
1730801484,1319.1,2
1730801486,1319.1,10
1730801488,1319.3,10
1730801490,1319.4,1
1730801500,1319.3,5
1730801504,1319.4,3
1730801510,1319.1,6
1730801512,1319.4,50
1730801514,1319,31
1730801516,1319,2
1730801520,1319,23
1730801522,1319.1,5
1730801526,1319,8
1730801528,1319.1,1
1730801530,1319,1
1730801532,1319,2
1730801542,1319,2
1730801544,1318.9,1
1730801546,1319,2
1730801548,1319.1,33
1730801550,1319.1,10
1730801556,1319.3,1
1730801560,1319.4,16
1730801566,1319.3,1
1730801572,1319.1,1
1730801576,1319.3,1
1730801580,1319,5
1730801582,1318.9,3
1730801592,1319.1,2
1730801594,1319.1,4
1730801602,1319.1,1
1730801606,1319,2
1730801608,1319.1,3
1730801612,1319.1,4
1730801616,1319.1,2
1730801626,1319,12
1730801634,1319.1,5
1730801642,1319.1,5
1730801644,1319.1,9
1730801646,1319.1,1
1730801654,1319.1,1
1730801656,1319.2,5
1730801662,1319.1,1
1730801672,1319.1,17
1730801674,1319.1,1
1730801676,1319,4
1730801678,1319,1
1730801680,1318.9,22
1730801682,1318.9,2
1730801684,1318.8,32
1730801686,1318.7,10
1730801688,1318.7,9
1730801690,1318.6,43
1730801692,1318.5,14
1730801694,1318.7,12
1730801696,1318.6,28
1730801698,1318.7,31
1730801700,1318.6,3
1730801704,1318.6,25
1730801706,1318.5,13
1730801708,1318.6,1
1730801710,1318.6,1
1730801712,1318.6,3
1730801714,1318.5,10
1730801716,1318.6,1
1730801718,1318.6,2
1730801720,1318.5,92
1730801722,1318.7,17
1730801724,1318.5,24
1730801726,1318.5,2
1730801730,1318.7,1
1730801732,1318.5,5
1730801734,1318.5,2
1730801736,1318.4,32
1730801738,1318.5,7
1730801740,1318.4,7
1730801742,1318.5,4
1730801744,1318.4,1
1730801746,1318.4,75
1730801748,1318.4,3
1730801750,1318.3,49
1730801754,1318.5,23
1730801756,1318.4,2
1730801758,1318.4,2
1730801760,1318.5,1
1730801762,1318.4,9
1730801764,1318.4,2
1730801766,1318.5,15
1730801768,1318.4,48
1730801770,1318.4,1
1730801772,1318.5,3
1730801774,1318.5,1
1730801778,1318.4,1
1730801782,1318.4,1
1730801784,1318.5,2
1730801786,1318.5,32
1730801788,1318.6,1
1730801790,1318.5,2
1730801792,1318.6,13
1730801794,1318.6,1
1730801796,1318.5,5
1730801798,1318.5,13
1730801800,1318.5,12
1730801802,1318.6,4
1730801806,1318.6,1
1730801808,1318.5,1
1730801810,1318.5,26
1730801812,1318.5,11
1730801814,1318.4,1
1730801816,1318.5,1
1730801822,1318.4,2
1730801824,1318.5,1
1730801826,1318.5,1
1730801828,1318.4,3
1730801832,1318.5,5
1730801836,1318.5,9
1730801838,1318.5,2
1730801842,1318.5,13
1730801844,1318.5,1
1730801846,1318.5,1
1730801848,1318.5,8
1730801850,1318.5,4
1730801852,1318.5,5
1730801854,1318.6,5
1730801856,1318.5,4
1730801860,1318.6,1
1730801866,1318.6,3
1730801868,1318.6,3
1730801870,1318.6,1
1730801876,1318.6,2
1730801880,1318.6,1
1730801882,1318.6,6
1730801884,1318.6,1
1730801886,1318.6,13
1730801888,1318.6,2
1730801890,1318.6,2
1730801892,1318.6,5
1730801894,1318.7,1
1730801898,1318.6,2
1730801900,1318.6,9
1730801902,1318.7,2
1730801906,1318.6,21
1730801908,1318.7,1
1730801910,1318.7,1
1730801924,1318.7,1
1730801926,1318.7,12
1730801928,1318.7,5
1730801932,1318.8,1
1730801934,1318.7,1
1730801936,1318.6,12
1730801938,1318.7,1
1730801942,1318.7,2
1730801946,1318.7,1
1730801950,1318.7,1
1730801954,1318.7,3
1730801956,1318.6,2
1730801958,1318.7,1
1730801962,1318.6,5
1730801964,1318.7,1
1730801966,1318.6,2
1730801968,1318.6,15
1730801972,1318.6,43
1730801974,1318.7,18
1730801976,1318.7,1
1730801978,1318.6,5
1730801984,1318.6,3
1730801986,1318.6,7
1730801988,1318.7,30
1730801990,1318.7,10
1730801992,1318.8,4
1730801996,1318.9,31
1730802004,1318.9,1
1730802006,1318.9,6
1730802008,1318.9,3
1730802010,1319,42
1730802014,1319,3
1730802020,1318.9,1
1730802026,1319,100
1730802028,1318.9,31
1730802030,1319,1
1730802032,1319,8
1730802034,1319,2
1730802036,1319.1,2
1730802038,1319.1,11
1730802040,1319,38
1730802042,1319.1,34
1730802046,1319,6
1730802048,1319.1,5
1730802050,1319.1,4
1730802052,1318.9,32
1730802054,1318.9,16
1730802056,1319,25
1730802058,1318.9,38
1730802060,1318.7,2
1730802062,1318.8,1
1730802064,1318.8,3
1730802066,1319,100
1730802070,1318.8,132
1730802072,1318.9,11
1730802074,1318.9,1
1730802076,1318.9,26
1730802078,1318.9,5
1730802080,1319,52
1730802084,1319,5
1730802086,1319,2
1730802088,1319,16
1730802090,1319,22
1730802092,1319.1,7
1730802094,1319,62
1730802096,1319,1
1730802104,1319,5
1730802106,1319.1,1
1730802108,1319,3
1730802110,1319.1,1
1730802118,1319,2
1730802122,1319,1
1730802124,1319.1,1
1730802126,1319,3
1730802128,1319,2
1730802132,1319,2
1730802134,1319.1,18
1730802138,1319.2,5
1730802140,1319.2,50
1730802144,1319.2,6
1730802148,1319,2
1730802150,1319.2,37
1730802154,1319,6
1730802158,1319,100
1730802160,1319.2,1
1730802164,1319.2,13
1730802166,1319.2,5
1730802170,1319.2,10
1730802172,1319.2,4
1730802174,1319.2,3
1730802176,1319.2,1
1730802182,1319.2,1
1730802184,1319.2,1
1730802186,1319.2,1
1730802190,1319.1,1
1730802194,1319.1,1
1730802196,1319.1,23
1730802200,1319.1,1
1730802202,1319,15
1730802204,1318.8,10
1730802206,1319,4
1730802208,1318.8,11
1730802210,1319.1,92
1730802212,1319.1,21
1730802214,1319.1,8
1730802216,1319.1,8
1730802218,1319.1,30
1730802220,1319.1,3
1730802222,1319.1,45
1730802224,1318.8,2
1730802226,1319,5
1730802230,1319,35
1730802232,1318.9,39
1730802236,1318.9,1
1730802238,1318.8,8
1730802244,1318.8,1
1730802246,1318.9,17
1730802248,1319,6
1730802250,1319,2
1730802252,1319,1
1730802256,1319,1
1730802258,1319,27
1730802260,1319.1,12
1730802262,1319.1,11
1730802266,1319,4
1730802268,1319,4
1730802270,1319.1,24
1730802274,1319.1,1
1730802276,1319,66
1730802278,1319.2,1
1730802280,1319.2,10
1730802282,1319,35
1730802286,1319,33
1730802288,1319,1
1730802290,1318.7,115
1730802294,1318.7,1
1730802296,1318.7,49
1730802298,1318.7,10
1730802302,1318.9,1
1730802304,1318.9,4
1730802306,1318.9,2
1730802308,1319,3
1730802310,1319,4
1730802312,1318.9,4
1730802314,1319,5
1730802316,1319,8
1730802318,1318.9,1
1730802324,1319,2
1730802330,1318.9,1
1730802344,1318.9,1
1730802346,1319,25
1730802348,1319,3
1730802366,1319,10
1730802370,1319,1
1730802372,1319,3
1730802374,1319,11
1730802376,1319.1,1
1730802380,1319,3
1730802382,1319.1,8
1730802384,1319,1
1730802386,1319,7
1730802392,1319.1,4
1730802394,1319.1,4
1730802398,1319,2
1730802408,1319,1
1730802412,1319.1,1
1730802416,1319.1,2
1730802418,1319,28
1730802422,1319.1,54
1730802424,1319,15
1730802426,1319.1,1
1730802428,1319.1,4
1730802430,1319,1
1730802432,1319,5
1730802434,1319.1,3
1730802436,1319,18
1730802438,1319.1,4
1730802442,1319.1,1
1730802444,1319,20
1730802446,1319.1,5
1730802450,1319,11
1730802454,1319.1,11
1730802456,1319,15
1730802458,1319.1,33
1730802460,1319.1,23
1730802462,1319,1
1730802464,1318.9,13
1730802472,1318.9,10
1730802474,1318.9,1
1730802476,1318.8,6
1730802478,1318.7,17
1730802480,1318.8,1
1730802482,1318.6,4
1730802484,1318.6,3
1730802488,1318.7,1
1730802492,1318.7,2
1730802494,1318.7,27
1730802498,1318.6,1
1730802500,1318.7,20
1730802504,1318.6,10
1730802510,1318.6,2
1730802512,1318.6,1
1730802514,1318.6,1
1730802516,1318.7,20
1730802530,1318.9,1
1730802544,1318.7,2
1730802548,1318.9,1
1730802558,1318.7,5
1730802560,1318.7,2
1730802568,1318.7,1
1730802570,1318.6,64
1730802572,1318.6,20
1730802574,1318.7,1
1730802576,1318.5,40
1730802580,1318.9,3
1730802586,1318.6,8
1730802592,1318.6,22
1730802596,1318.5,3
1730802598,1318.5,2
1730802600,1318.6,4
1730802602,1318.5,41
1730802604,1318.6,16
1730802606,1318.4,1
1730802608,1318.4,11
1730802610,1318.6,5
1730802612,1318.6,2
1730802614,1318.5,1
1730802620,1318.6,2
1730802622,1318.5,20
1730802624,1318.4,2
1730802626,1318.3,94
1730802630,1318.4,15
1730802632,1318.3,96
1730802634,1318.3,2
1730802636,1318.2,101
1730802638,1318.1,67
1730802640,1318.1,88
1730802642,1318,54
1730802644,1318,56
1730802646,1318,105
1730802648,1318.1,102
1730802650,1318.1,25
1730802652,1318.2,46
1730802654,1318.3,22
1730802656,1318.3,53
1730802658,1318.7,3
1730802664,1318.7,24
1730802672,1318.5,3
1730802674,1318.6,3
1730802676,1318.5,2
1730802678,1318.2,10
1730802680,1318.2,1
1730802682,1318.2,2
1730802684,1318.2,23
1730802686,1318.5,4
1730802688,1318.3,11
1730802692,1318.5,3
1730802694,1318.5,3
1730802696,1318.3,2
1730802698,1318.4,3
1730802702,1318.4,1
1730802704,1318.4,12
1730802706,1318.4,2
1730802708,1318.4,3
1730802710,1318.3,1
1730802712,1318.4,7
1730802716,1318.3,1
1730802718,1318.3,12
1730802722,1318.4,3
1730802726,1318.5,43
1730802728,1318.4,1
1730802736,1318.5,1
1730802742,1318.5,23
1730802748,1318.4,20
1730802750,1318.5,20
1730802752,1318.5,9
1730802754,1318.5,15
1730802756,1318.6,1
1730802762,1318.6,1
1730802764,1318.7,1
1730802766,1318.7,4
1730802774,1318.6,2
1730802776,1318.6,2
1730802778,1318.6,1
1730802780,1318.6,6
1730802782,1318.5,21
1730802786,1318.5,23
1730802788,1318.5,2
1730802794,1318.4,1
1730802796,1318.4,1
1730802800,1318.4,1
1730802802,1318.4,14
1730802804,1318.3,3
1730802806,1318.3,45
1730802808,1318.2,6
1730802810,1318.3,1
1730802812,1318.3,2
1730802814,1318.2,4
1730802816,1318.2,18
1730802818,1318.3,7
1730802820,1318.4,9
1730802822,1318.4,2
1730802824,1318.4,19
1730802826,1318.3,4
1730802830,1318.4,1
1730802838,1318.4,4
1730802840,1318.4,6
1730802842,1318.4,1
1730802844,1318.4,5
1730802846,1318.4,2
1730802852,1318.5,1
1730802856,1318.4,1
1730802858,1318.5,3
1730802864,1318.5,3
1730802866,1318.5,1
1730802870,1318.4,1
1730802874,1318.5,1
1730802878,1318.4,2
1730802880,1318.4,2
1730802882,1318.5,7
1730802888,1318.5,1
1730802898,1318.5,1
1730802906,1318.5,2
1730802908,1318.5,1
1730802914,1318.5,6
1730802922,1318.5,52
1730802924,1318.5,1
1730802926,1318.5,17
1730802928,1318.5,2
1730802930,1318.5,3
1730802932,1318.5,2
1730802934,1318.5,3
1730802938,1318.6,1
1730802940,1318.5,17
1730802944,1318.6,1
1730802946,1318.6,1
1730802950,1318.6,2
1730802952,1318.6,3
1730802954,1318.5,10
1730802956,1318.6,18
1730802968,1318.6,2
1730802970,1318.6,1
1730802972,1318.5,1
1730802974,1318.6,20
1730802976,1318.6,4
1730802980,1318.6,6
1730802982,1318.7,1
1730802984,1318.7,9
1730802986,1318.7,9
1730802988,1318.8,3
1730802990,1318.7,2
1730802992,1318.8,1
1730802994,1318.8,1
1730802996,1318.8,2
1730802998,1318.7,6
1730803000,1318.7,1
1730803002,1318.7,3
1730803004,1318.7,4
1730803006,1318.7,17
1730803008,1318.7,20
1730803010,1318.6,2
1730803014,1318.7,1
1730803016,1318.6,1
1730803022,1318.6,4
1730803024,1318.6,5
1730803028,1318.6,12
1730803030,1318.6,3
1730803034,1318.6,11
1730803040,1318.6,1
1730803060,1318.5,21
1730803064,1318.5,1
1730803066,1318.6,9
1730803070,1318.5,1
1730803072,1318.5,3
1730803074,1318.5,1
1730803076,1318.6,23
1730803078,1318.5,10
1730803080,1318.5,1
1730803082,1318.5,20
1730803084,1318.3,14
1730803090,1318.3,1
1730803092,1318.3,3
1730803096,1318.3,1
1730803102,1318.4,3
1730803108,1318.4,1
1730803110,1318.5,1
1730803120,1318.5,1
1730803122,1318.7,61
1730803124,1318.7,2
1730803126,1318.7,21
1730803128,1318.7,8
1730803130,1318.8,5
1730803132,1318.8,35
1730803134,1318.8,20
1730803138,1318.8,30
1730803140,1318.7,14
1730803142,1318.7,38
1730803144,1318.6,2
1730803146,1318.5,3
1730803152,1318.8,1
1730803154,1318.6,15
1730803156,1318.5,19
1730803158,1318.5,2
1730803160,1318.7,15
1730803162,1318.8,4
1730803168,1318.6,1
1730803170,1318.5,8
1730803172,1318.5,24
1730803174,1318.7,37
1730803176,1318.6,1
1730803180,1318.7,23
1730803184,1318.8,36
1730803186,1318.9,43
1730803188,1319,60
1730803190,1319,33
1730803192,1319.2,52
1730803194,1319.3,40
1730803196,1319.3,71
1730803198,1319.3,58
1730803200,1319.3,5
1730803202,1319.1,29
1730803204,1319.1,5
1730803206,1319.1,1
1730803208,1319.1,2
1730803210,1319.1,2
1730803212,1318.8,100
1730803214,1318.9,10
1730803216,1319.1,11
1730803218,1318.8,29
1730803220,1318.8,3
1730803222,1318.8,14
1730803224,1318.8,1
1730803226,1319.2,86
1730803228,1318.8,5
1730803230,1319,7
1730803232,1318.8,8
1730803234,1319.1,1
1730803236,1319.1,4
1730803238,1319.2,1
1730803240,1319,9
1730803242,1319.1,1
1730803244,1319,1
1730803246,1319,3
1730803248,1319.1,4
1730803250,1319,7
1730803252,1319.1,1
1730803258,1319.1,2
1730803260,1319,13
1730803262,1319.2,30
1730803264,1319,43
1730803266,1318.8,4
1730803268,1318.8,1
1730803270,1318.7,12
1730803272,1318.8,1
1730803274,1318.8,31
1730803276,1318.9,1
1730803280,1318.7,21
1730803284,1318.8,3
1730803286,1318.8,5
1730803288,1318.7,1
1730803294,1318.8,5
1730803300,1318.8,14
1730803302,1318.8,1
1730803306,1318.8,28
1730803308,1318.8,2
1730803310,1318.8,9
1730803312,1318.9,1
1730803314,1318.6,100
1730803316,1318.6,16
1730803318,1318.6,10
1730803324,1318.9,1
1730803326,1318.9,1
1730803328,1318.6,2
1730803332,1318.8,3
1730803336,1318.7,1
1730803338,1318.8,2
1730803342,1318.8,3
1730803344,1318.8,2
1730803346,1318.8,2
1730803348,1319,86
1730803350,1319,11
1730803352,1319,13
1730803356,1319,1
1730803358,1319,48
1730803360,1319,10
1730803362,1319,1
1730803364,1319.1,1
1730803366,1319.1,3
1730803368,1319.1,5
1730803370,1319.1,5
1730803372,1319.1,15
1730803374,1319.1,14
1730803376,1319,22
1730803380,1319,2
1730803382,1319,2
1730803384,1319.1,1
1730803386,1319,7
1730803388,1319.1,20
1730803390,1319,2
1730803394,1319.1,1
1730803396,1319,1
1730803398,1319,1
1730803400,1319.2,156
1730803402,1319.2,20
1730803404,1319.2,14
1730803406,1319.3,8
1730803408,1319.2,3
1730803410,1319.4,306
1730803416,1319.2,27
1730803418,1319.2,8
1730803420,1319.3,2
1730803422,1319.4,71
1730803424,1319.4,40
1730803426,1319.5,16
1730803428,1319.5,159
1730803430,1319.6,43
1730803432,1319.6,26
1730803434,1319.6,87
1730803436,1319.6,61
1730803438,1319.6,19
1730803440,1319.5,64
1730803442,1319.4,41
1730803444,1319.5,24
1730803446,1319.3,16
1730803448,1319.5,3
1730803450,1319.3,2
1730803452,1319.4,1
1730803454,1319.4,2
1730803456,1319.3,100
1730803458,1319.5,13
1730803460,1319.4,2
1730803462,1319.3,1
1730803464,1319.3,20
1730803466,1319.4,12
1730803470,1319.4,1
1730803478,1319.4,13
1730803480,1319.4,10
1730803484,1319.2,32
1730803488,1319.4,10
1730803492,1319.4,5
1730803496,1319.4,10
1730803498,1319.3,9
1730803504,1319.2,65
1730803506,1319.3,46
1730803514,1319.3,1
1730803516,1319.4,18
1730803520,1319.3,14
1730803522,1319.2,13
1730803524,1319.3,9
1730803526,1319.3,1
1730803528,1319.2,61
1730803530,1319.2,2
1730803532,1319.3,63
1730803534,1319.2,1
1730803536,1319.2,20
1730803538,1319.2,2
1730803540,1319.2,10
1730803544,1319.2,3
1730803546,1319.2,4
1730803548,1319.2,2
1730803550,1319.1,19
1730803554,1319.1,17
1730803556,1319.1,1
1730803558,1319.2,34
1730803560,1319.4,53
1730803562,1319.5,54
1730803564,1319.5,6
1730803566,1319.5,41
1730803568,1319.4,4
1730803570,1319.5,3
1730803572,1319.5,4
1730803574,1319.4,2
1730803578,1319.6,31
1730803580,1319.5,6
1730803582,1319.5,1
1730803584,1319.5,18
1730803586,1319.6,9
1730803588,1319.6,81
1730803590,1319.7,78
1730803592,1319.6,3
1730803594,1319.7,20
1730803596,1319.7,1
1730803598,1319.7,11
1730803600,1319.7,3
1730803602,1319.7,24
1730803604,1319.7,13
1730803606,1319.6,2
1730803610,1319.6,2
1730803612,1319.7,2
1730803614,1319.7,33
1730803616,1319.5,22
1730803618,1319.7,19
1730803620,1319.6,10
1730803622,1319.6,3
1730803624,1319.6,2
1730803626,1319.7,25
1730803630,1319.6,10
1730803632,1319.5,1
1730803634,1319.6,2
1730803636,1319.6,7
1730803640,1319.7,3
1730803642,1319.7,2
1730803644,1319.7,6
1730803646,1319.7,8
1730803648,1319.7,2
1730803650,1319.7,28
1730803652,1319.7,3
1730803654,1319.7,12
1730803656,1319.7,22
1730803658,1319.7,6
1730803660,1319.7,11
1730803662,1319.7,23
1730803668,1319.5,23
1730803672,1319.5,3
1730803674,1319.5,2
1730803676,1319.5,2
1730803678,1319.5,8
1730803680,1319.5,3
1730803682,1319.6,3
1730803684,1319.7,7
1730803686,1319.7,15
1730803688,1319.7,8
1730803690,1319.6,2
1730803692,1319.5,5
1730803694,1319.6,1
1730803696,1319.6,11
1730803698,1319.6,1
1730803700,1319.6,8
1730803702,1319.6,3
1730803704,1319.7,4
1730803706,1319.7,9
1730803708,1319.6,2
1730803710,1319.6,7
1730803712,1319.7,13
1730803714,1319.6,23
1730803716,1319.6,10
1730803718,1319.7,5
1730803720,1319.6,9
1730803722,1319.5,10
1730803724,1319.6,1
1730803726,1319.6,4
1730803728,1319.5,12
1730803730,1319.6,4
1730803732,1319.6,2
1730803734,1319.5,16
1730803736,1319.6,1
1730803738,1319.6,1
1730803740,1319.5,3
1730803742,1319.5,1
1730803744,1319.6,79
1730803746,1319.6,1
1730803748,1319.6,1
1730803750,1319.5,5
1730803752,1319.6,1
1730803756,1319.5,1
1730803758,1319.6,10
1730803760,1319.6,16
1730803762,1319.5,7
1730803764,1319.5,25
1730803766,1319.6,1
1730803768,1319.5,67
1730803770,1319.5,10
1730803774,1319.4,53
1730803776,1319.4,10
1730803780,1319.4,5
1730803782,1319.4,13
1730803784,1319.3,2
1730803786,1319.4,10
1730803788,1319.4,3
1730803790,1319.4,6
1730803792,1319.4,1
1730803794,1319.4,3
1730803796,1319.4,4
1730803798,1319.3,1
1730803800,1319.4,1
1730803802,1319.3,1
1730803804,1319.3,5
1730803806,1319.4,28
1730803810,1319.4,3
1730803812,1319.4,9
1730803816,1319.4,2
1730803822,1319.4,1
1730803824,1319.4,28
1730803826,1319.3,1
1730803828,1319.3,1
1730803830,1319.4,6
1730803836,1319.3,2
1730803842,1319.4,1
1730803844,1319.3,5
1730803854,1319.4,55
1730803856,1319.4,2
1730803858,1319.5,51
1730803860,1319.5,30
1730803862,1319.4,1
1730803864,1319.5,21
1730803866,1319.5,1
1730803868,1319.5,1
1730803870,1319.5,3
1730803872,1319.5,7
1730803874,1319.5,27
1730803876,1319.5,51
1730803880,1319.5,5
1730803882,1319.5,2
1730803884,1319.5,8
1730803886,1319.4,30
1730803888,1319.5,35
1730803898,1319.4,17
1730803900,1319.5,15
1730803902,1319.4,37
1730803904,1319.4,10
1730803914,1319.4,1
1730803916,1319.4,22
1730803918,1319.3,18
1730803920,1319.4,2
1730803926,1319.3,5
1730803932,1319.3,28
1730803934,1319.3,5
1730803936,1319.1,31
1730803938,1319.3,34
1730803940,1319,113
1730803942,1319.2,49
1730803944,1319.1,21
1730803948,1319.1,22
1730803950,1319,20
1730803952,1319.1,1
1730803954,1319.2,8
1730803956,1319.2,1
1730803962,1319.2,3
1730803966,1319.1,6
1730803970,1319.2,6
1730803974,1319.1,9
1730803978,1319,1
1730803982,1319,40
1730803986,1319,2
1730803988,1319,35
1730803992,1318.9,23
1730803994,1319,20
1730803996,1318.8,26
1730804000,1318.8,38
1730804002,1318.8,9
1730804004,1318.9,32
1730804006,1318.8,7
1730804008,1318.8,2
1730804014,1319,10
1730804020,1318.7,12
1730804022,1319,40
1730804024,1318.7,1
1730804028,1318.8,1
1730804030,1318.9,13
1730804032,1318.9,20
1730804034,1318.9,2
1730804042,1318.9,2
1730804044,1318.9,21
1730804046,1318.9,3
1730804050,1318.9,1
1730804056,1318.9,21
1730804058,1318.9,7
1730804062,1318.7,19
1730804064,1318.7,1
1730804066,1318.8,5
1730804068,1318.8,7
1730804070,1318.7,1
1730804072,1318.8,28
1730804074,1318.8,1
1730804076,1318.9,12
1730804078,1318.8,22
1730804080,1318.7,23
1730804086,1318.7,9
1730804088,1318.7,25
1730804090,1318.7,10
1730804094,1318.7,1
1730804096,1318.7,2
1730804098,1318.7,1
1730804100,1318.7,2
1730804102,1318.7,1
1730804104,1318.8,1
1730804108,1318.7,6
1730804110,1318.7,5
1730804114,1318.7,1
1730804118,1318.8,1
1730804122,1318.9,11
1730804128,1318.9,10
1730804136,1318.9,2
1730804138,1318.9,2
1730804144,1318.9,1
1730804148,1318.9,5
1730804150,1318.9,3
1730804160,1318.8,1
1730804164,1318.8,2
1730804166,1318.9,7
1730804168,1318.8,2
1730804170,1318.8,3
1730804174,1319,3
1730804178,1319,1
1730804180,1319,40
1730804182,1319,5
1730804186,1319,61
1730804188,1319,1
1730804190,1319,1
1730804192,1319.3,44
1730804196,1319.2,20
1730804204,1319.2,1
1730804206,1319.2,2
1730804208,1319.1,1
1730804210,1319.2,4
1730804212,1319.1,3
1730804215,1319.1,1
1730804216,1319.1,1
1730804228,1319.1,1
1730804236,1319,1
1730804238,1319,28
1730804240,1319.1,29
1730804248,1319.1,1
1730804250,1319.1,2
1730804252,1319.1,1
1730804254,1319,3
1730804264,1319,13
1730804268,1318.9,8
1730804272,1318.9,1
1730804288,1318.9,1
1730804290,1319,1
1730804292,1319,7
1730804294,1319,11
1730804296,1319.1,9
1730804298,1319.1,21
1730804302,1319.1,1
1730804304,1319.1,10
1730804306,1319.1,1
1730804322,1319.1,1
1730804330,1319.1,2
1730804332,1319.1,3
1730804334,1319.1,1
1730804336,1319.1,17
1730804344,1319.1,1
1730804346,1319.1,2
1730804348,1319.1,1
1730804360,1319.1,3
1730804362,1319.1,6
1730804364,1319,6
1730804366,1319.1,5
1730804368,1319.1,3
1730804370,1319.1,1
1730804372,1319.1,1
1730804386,1319.1,9
1730804388,1319,5
1730804390,1319.1,10
1730804396,1319.1,1
1730804398,1319.1,4
1730804400,1319.1,49
1730804402,1319.1,34
1730804404,1319.1,11
1730804406,1319.1,26
1730804408,1319.1,16
1730804414,1319.1,35
1730804418,1319.1,41
1730804422,1319.1,10
1730804428,1319.1,12
1730804432,1319.2,1
1730804436,1319.1,1
1730804446,1319.1,2
1730804450,1319.1,22
1730804456,1319.2,7
1730804458,1319.2,2
1730804460,1319.2,38
1730804462,1319.2,3
1730804466,1319.1,15
1730804470,1319.3,90
1730804474,1319.3,22
1730804480,1319.3,97
1730804482,1319.2,18
1730804484,1319.3,10
1730804488,1319.2,42
1730804494,1319.2,90
1730804498,1319.3,70
1730804502,1319.2,2
1730804504,1319.2,13
1730804506,1319.1,2
1730804512,1319.1,1
1730804514,1319,28
1730804516,1319.2,17
1730804526,1319.2,3
1730804528,1319.2,1
1730804530,1319.1,3
1730804536,1319.1,1
1730804538,1319.1,9
1730804540,1319.1,1
1730804542,1319,5
1730804544,1319.1,1
1730804548,1319.1,4
1730804550,1319.2,2
1730804552,1319.1,6
1730804554,1319,8
1730804556,1319,151
1730804558,1319,2
1730804560,1319,1
1730804574,1319,1
1730804576,1319,1
1730804578,1318.7,1
1730804580,1319,1
1730804582,1318.9,1
1730804584,1318.7,4
1730804586,1318.9,1
1730804588,1318.9,1
1730804590,1318.9,1
1730804592,1318.8,4
1730804594,1318.8,2
1730804596,1318.8,1
1730804598,1318.8,4
1730804602,1318.8,2
1730804604,1318.9,1
1730804606,1318.8,1
1730804608,1318.8,3
1730804610,1318.9,3
1730804612,1318.8,1
1730804614,1318.9,3
1730804618,1319,1
1730804620,1318.8,50
1730804622,1318.8,6
1730804624,1319,4
1730804638,1319,2
1730804652,1319,1
1730804656,1319,3
1730804660,1318.9,1
1730804662,1318.9,3
1730804668,1318.9,1
1730804670,1318.9,1
1730804682,1318.9,17
1730804690,1318.8,1
1730804692,1318.8,1
1730804698,1318.8,2
1730804700,1318.9,3
1730804704,1318.7,42
1730804714,1318.8,1
1730804718,1318.7,2
1730804720,1318.8,1
1730804722,1318.9,18
1730804724,1318.7,20
1730804726,1318.7,14
1730804728,1318.6,30
1730804730,1318.5,97
1730804732,1318.5,74
1730804734,1318.4,31
1730804736,1318.4,31
1730804738,1318.3,90
1730804740,1318.4,14
1730804742,1318.3,34
1730804744,1318.3,22
1730804746,1318.4,14
1730804748,1318.3,35
1730804750,1318.4,18
1730804752,1318.4,1
1730804754,1318.4,4
1730804758,1318.4,1
1730804760,1318.4,62
1730804762,1318.4,4
1730804764,1318.3,14
1730804766,1318.3,34
1730804768,1318.3,24
1730804770,1318.4,7
1730804772,1318.1,181
1730804774,1318.4,28
1730804776,1318.1,67
1730804778,1318.1,3
1730804780,1318.3,36
1730804782,1318.4,6
1730804784,1318.3,117
1730804786,1318.3,20
1730804788,1318.3,7
1730804790,1318.2,9
1730804794,1318.3,4
1730804796,1318.3,9
1730804798,1318.4,2
1730804800,1318.3,15
1730804802,1318.4,1
1730804804,1318.4,18
1730804806,1318.3,1
1730804808,1318.3,17
1730804812,1318.4,1
1730804814,1318.3,3
1730804816,1318.5,10
1730804820,1318.4,1
1730804822,1318.4,16
1730804824,1318.4,10
1730804826,1318.4,2
1730804828,1318.5,7
1730804830,1318.4,29
1730804832,1318.8,12
1730804834,1318.5,4
1730804836,1318.8,2
1730804838,1318.7,1
1730804844,1318.7,3
1730804846,1318.5,5
1730804854,1318.5,1
1730804856,1318.5,11
1730804860,1318.5,2
1730804864,1318.5,1
1730804866,1318.5,19
1730804870,1318.5,2
1730804872,1318.7,3
1730804874,1318.5,3
1730804876,1318.7,8
1730804884,1318.5,1
1730804886,1318.5,7
1730804890,1318.5,1
1730804892,1318.5,12
1730804894,1318.7,5
1730804896,1318.7,9
1730804898,1318.6,3
1730804900,1318.6,2
1730804906,1318.7,2
1730804910,1318.7,1
1730804912,1318.7,1
1730804914,1318.7,18
1730804916,1318.7,1
1730804922,1318.7,2
1730804932,1318.7,2
1730804934,1318.6,8
1730804938,1318.5,242
1730804942,1318.5,2
1730804944,1318.5,12
1730804946,1318.4,14
1730804950,1318.4,38
1730804952,1318.5,3
1730804954,1318.5,30
1730804960,1318.5,1
1730804962,1318.6,11
1730804966,1318.7,1
1730804970,1318.7,6
1730804974,1318.5,1
1730804976,1318.5,29
1730804980,1318.6,1
1730804982,1318.6,1
1730804984,1318.7,2
1730804986,1318.6,3
1730804988,1318.4,173
1730804992,1318.4,10
1730804994,1318.4,3
1730804996,1318.4,1
1730804998,1318.4,6
1730805000,1318.3,43
1730805002,1318.4,54
1730805004,1318.4,1
1730805006,1318.3,5
1730805008,1318.3,1
1730805012,1318.3,13
1730805014,1318.3,27
1730805016,1318.3,3
1730805018,1318.4,36
1730805020,1318.4,68
1730805022,1318.3,66
1730805024,1318.4,8
1730805026,1318.5,3
1730805028,1318.7,2
1730805030,1318.6,3
1730805032,1318.5,1
1730805034,1318.5,2
1730805036,1318.5,17
1730805040,1318.6,31
1730805042,1318.6,7
1730805044,1318.6,2
1730805046,1318.6,2
1730805048,1318.6,1
1730805050,1318.6,2
1730805052,1318.6,1
1730805054,1318.6,2
1730805062,1318.5,6
1730805064,1318.6,1
1730805074,1318.6,10
1730805078,1318.6,6
1730805084,1318.6,4
1730805090,1318.6,3
1730805092,1318.6,7
1730805096,1318.6,1
1730805102,1318.7,5
1730805110,1318.6,1
1730805112,1318.7,1
1730805114,1318.7,2
1730805116,1318.7,29
1730805118,1318.8,1
1730805120,1318.8,4
1730805122,1318.8,18
1730805124,1318.9,44
1730805126,1319,4
1730805128,1319,1
1730805130,1318.9,2
1730805132,1318.9,10
1730805134,1318.9,13
1730805136,1319,61
1730805138,1318.9,1
1730805140,1319.1,49
1730805142,1318.8,31
1730805144,1319.1,52
1730805152,1319,1
1730805154,1318.8,4
1730805160,1318.9,12
1730805164,1318.8,1
1730805166,1318.9,9
1730805168,1318.9,10
1730805186,1318.9,7
1730805188,1318.9,26
1730805190,1319,2
1730805192,1318.9,1
1730805194,1318.9,9
1730805196,1318.8,1
1730805198,1318.8,1
1730805210,1318.9,11
1730805212,1318.9,5
1730805224,1318.8,2
1730805226,1318.8,5
1730805228,1318.8,2
1730805236,1318.8,1
1730805238,1318.8,5
1730805242,1318.7,3
1730805246,1318.8,41
1730805250,1318.8,3
1730805252,1318.8,1
1730805254,1318.9,1
1730805256,1318.8,16
1730805260,1318.7,1
1730805262,1318.8,4
1730805264,1318.8,24
1730805270,1318.8,2
1730805272,1318.8,3
1730805274,1318.8,1
1730805276,1318.8,1
1730805280,1318.8,1
1730805288,1318.7,2
1730805292,1318.9,33
1730805296,1318.9,13
1730805298,1318.6,20
1730805302,1318.8,1
1730805304,1318.8,4
1730805310,1318.7,25
1730805313,1318.6,52
1730805315,1318.5,81
1730805316,1318.5,7
1730805318,1318.3,54
1730805320,1318.3,30
1730805322,1318.3,37
1730805324,1318.3,6
1730805330,1318.5,1
1730805332,1318.5,1
1730805334,1318.6,3
1730805342,1318.6,4
1730805344,1318.5,5
1730805346,1318.5,7
1730805348,1318.6,14
1730805352,1318.5,1
1730805358,1318.5,3
1730805360,1318.6,24
1730805362,1318.5,121
1730805364,1318.6,24
1730805366,1318.5,19
1730805368,1318.8,1
1730805370,1318.7,1
1730805372,1318.6,15
1730805374,1318.6,2
1730805376,1318.5,4
1730805378,1318.6,4
1730805386,1318.6,1
1730805388,1318.6,1
1730805390,1318.7,8
1730805392,1318.8,12
1730805396,1318.8,6
1730805398,1318.8,3
1730805402,1318.8,2
1730805404,1318.6,1
1730805408,1318.7,2
1730805422,1318.6,1
1730805424,1318.7,1
1730805456,1318.5,32
1730805458,1318.5,1
1730805460,1318.5,4
1730805466,1318.5,1
1730805486,1318.5,1
1730805488,1318.5,11
1730805492,1318.4,28
1730805494,1318.4,2
1730805498,1318.4,1
1730805502,1318.4,1
1730805506,1318.5,16
1730805510,1318.4,46
1730805512,1318.3,10
1730805516,1318.2,123
1730805518,1318.4,3
1730805528,1318.3,2
1730805532,1318.3,10
1730805536,1318.4,13
1730805538,1318.3,12
1730805540,1318.4,2
1730805546,1318.4,2
1730805558,1318.5,1
1730805560,1318.4,2
1730805566,1318.3,1
1730805568,1318.3,8
1730805570,1318.3,18
1730805572,1318.3,11
1730805576,1318.3,6
1730805578,1318.4,1
1730805580,1318.3,6
1730805582,1318.3,6
1730805584,1318.4,1
1730805586,1318.4,3
1730805588,1318.3,2
1730805594,1318.3,6
1730805596,1318.3,19
1730805598,1318.2,27
1730805600,1318.3,15
1730805602,1318.3,10
1730805604,1318.3,51
1730805606,1318.2,9
1730805608,1318.1,2
1730805610,1318.3,42
1730805612,1318.2,1
1730805614,1318.2,127
1730805616,1318.1,5
1730805618,1318.1,10
1730805620,1318,36
1730805622,1318.1,1
1730805624,1318.1,35
1730805626,1318,131
1730805628,1318.1,8
1730805630,1318.3,66
1730805632,1318.1,1
1730805634,1318.3,1
1730805636,1318.2,1
1730805638,1318.3,26
1730805640,1318.2,13
1730805642,1318.3,1
1730805644,1318.3,16
1730805650,1318.3,26
1730805654,1318.3,1
1730805656,1318.4,1
1730805658,1318.3,41
1730805660,1318.4,11
1730805668,1318.4,11
1730805670,1318.4,7
1730805672,1318.5,4
1730805674,1318.4,18
1730805676,1318.4,1
1730805678,1318.5,18
1730805684,1318.4,1
1730805686,1318.5,1
1730805688,1318.4,1
1730805692,1318.5,3
1730805694,1318.4,1
1730805696,1318.4,2
1730805698,1318.5,1
1730805702,1318.4,3
1730805706,1318.5,1
1730805708,1318.4,1
1730805710,1318.5,12
1730805716,1318.5,9
1730805718,1318.5,2
1730805720,1318.5,3
1730805726,1318.5,42
1730805728,1318.5,45
1730805730,1318.4,11
1730805736,1318.3,1
1730805738,1318.3,1
1730805740,1318.4,10
1730805742,1318.4,15
1730805746,1318.5,7
1730805748,1318.4,1
1730805750,1318.4,2
1730805754,1318.4,24
1730805758,1318.4,1
1730805762,1318.3,26
1730805766,1318.3,4
1730805770,1318.3,1
1730805774,1318.3,13
1730805778,1318.3,1
1730805780,1318.3,3
1730805786,1318.3,22
1730805792,1318.3,7
1730805798,1318.3,26
1730805802,1318.6,113
1730805804,1318.6,20
1730805806,1318.5,4
1730805808,1318.5,17
1730805812,1318.6,7
1730805814,1318.6,14
1730805818,1318.6,1
1730805820,1318.6,51
1730805822,1318.6,3
1730805826,1318.6,1
1730805828,1318.6,11
1730805830,1318.7,11
1730805832,1318.5,25
1730805834,1318.5,20
1730805836,1318.5,11
1730805840,1318.5,23
1730805856,1318.5,1
1730805858,1318.4,3
1730805860,1318.4,6
1730805862,1318.4,7
1730805864,1318.4,8
1730805866,1318.4,7
1730805868,1318.4,5
1730805870,1318.6,21
1730805872,1318.4,8
1730805874,1318.4,12
1730805876,1318.6,5
1730805878,1318.4,2
1730805880,1318.6,1
1730805882,1318.6,8
1730805888,1318.6,2
1730805890,1318.6,1
1730805892,1318.7,1
1730805894,1318.6,1
1730805896,1318.6,13
1730805898,1318.6,4
1730805902,1318.6,4
1730805904,1318.6,11
1730805906,1318.6,5
1730805908,1318.6,35
1730805910,1318.7,17
1730805916,1318.8,19
1730805918,1318.8,5
1730805920,1318.8,10
1730805922,1318.8,1
1730805924,1318.8,6
1730805926,1318.8,25
1730805928,1318.8,9
1730805934,1318.8,4
1730805936,1318.8,1
1730805938,1318.8,6
1730805946,1318.7,6
1730805948,1318.8,1
1730805950,1318.7,3
1730805952,1318.8,60
1730805960,1318.8,1
1730805962,1318.8,1
1730805964,1318.8,1
1730805968,1318.8,14
1730805970,1318.5,200
1730805972,1318.8,1
1730805976,1318.8,1
1730805978,1318.8,1
1730805980,1318.8,1
1730805982,1318.8,4
1730805990,1318.8,20
1730805994,1318.4,70
1730806004,1318.4,2
1730806008,1318.4,11
1730806010,1318.4,28
1730806014,1318.4,9
1730806016,1318.4,30
1730806018,1318.5,100
1730806022,1318.4,12
1730806026,1318.4,1
1730806030,1318.5,14
1730806032,1318.6,41
1730806036,1318.5,10
1730806038,1318.6,1
1730806040,1318.6,1
1730806042,1318.6,27
1730806044,1318.6,30
1730806050,1318.7,12
1730806052,1318.6,5
1730806054,1318.8,2
1730806056,1318.7,9
1730806058,1318.7,2
1730806060,1318.6,1
1730806064,1318.7,1
1730806068,1318.6,14
1730806072,1318.6,10
1730806074,1318.6,86
1730806076,1318.5,13
1730806078,1318.6,1
1730806080,1318.6,4
1730806082,1318.6,29
1730806086,1318.6,11
1730806090,1318.6,15
1730806092,1318.6,4
1730806094,1318.6,2
1730806096,1318.6,3
1730806098,1318.7,5
1730806100,1318.7,2
1730806102,1318.6,1
1730806104,1318.7,2
1730806110,1318.6,6
1730806112,1318.7,1
1730806114,1318.6,31
1730806116,1318.8,7
1730806126,1318.6,12
1730806130,1318.7,1
1730806132,1318.7,4
1730806136,1318.7,8
1730806138,1318.8,5
1730806146,1318.7,1
1730806148,1318.8,4
1730806150,1318.7,15
1730806152,1318.8,6
1730806154,1318.7,2
1730806156,1318.8,1
1730806158,1318.7,5
1730806160,1318.8,31
1730806162,1318.7,1
1730806164,1318.7,1
1730806166,1318.8,5
1730806170,1318.7,1
1730806172,1318.8,1
1730806176,1318.8,8
1730806178,1318.7,4
1730806180,1318.8,38
1730806182,1318.8,3
1730806184,1318.8,2
1730806186,1318.8,1
1730806188,1318.9,5
1730806190,1318.9,11
1730806192,1318.8,3
1730806194,1318.9,2
1730806196,1318.9,39
1730806198,1318.9,1
1730806200,1318.9,62
1730811602,1318.9,35
1730811604,1318.9,1
1730811606,1319,38
1730811608,1318.9,15
1730811610,1318.9,29
1730811612,1319,3
1730811614,1319.1,22
1730811616,1319.1,8
1730811618,1319.2,34
1730811620,1319.2,1
1730811622,1319.1,21
1730811624,1319.1,6
1730811626,1319.2,1
1730811630,1319.1,1
1730811632,1319.1,14
1730811634,1319.1,9
1730811636,1319.1,2
1730811640,1318.9,7
1730811642,1319,10
1730811644,1319,1
1730811646,1319,1
1730811648,1318.9,2
1730811650,1319,12
1730811652,1319,4
1730811656,1318.9,2
1730811658,1318.9,22
1730811660,1318.8,1
1730811662,1318.8,57
1730811666,1318.7,1
1730811672,1318.8,116
1730811674,1318.8,11
1730811676,1319,30
1730811678,1319,1
1730811680,1319,2
1730811682,1319,3
1730811684,1319,6
1730811690,1319,1
1730811692,1319,1
1730811694,1318.8,28
1730811698,1318.9,4
1730811700,1318.9,10
1730811706,1318.8,1
1730811710,1318.9,25
1730811712,1319,30
1730811714,1318.9,4
1730811726,1319,1
1730811728,1319,30
1730811730,1319,1
1730811738,1318.8,8
1730811740,1318.9,1
1730811742,1318.9,1
1730811748,1318.8,17
1730811750,1318.7,43
1730811752,1318.9,1
1730811754,1318.9,1
1730811766,1318.9,1
1730811768,1318.9,1
1730811772,1318.9,16
1730811774,1318.9,4
1730811776,1318.9,5
1730811778,1318.9,22
1730811782,1319,1
1730811784,1318.9,25
1730811788,1319,53
1730811790,1319,1
1730811792,1319,17
1730811794,1319.1,1
1730811798,1319.1,3
1730811800,1319.1,6
1730811802,1319.1,14
1730811804,1319.2,5
1730811806,1319.2,3
1730811808,1319.2,58
1730811810,1319.3,11
1730811812,1319.4,97
1730811814,1319.4,46
1730811816,1319.6,59
1730811818,1319.5,4
1730811820,1319.6,89
1730811822,1319.5,133
1730811824,1319.5,48
1730811826,1319.6,56
1730811828,1319.7,10
1730811830,1319.6,6
1730811832,1319.7,41
1730811834,1319.8,44
1730811836,1319.7,14
1730811838,1319.5,53
1730811840,1319.6,24
1730811842,1319.6,42
1730811844,1319.5,14
1730811846,1319.6,2
1730811848,1319.5,4
1730811850,1319.6,30
1730811852,1319.6,1
1730811854,1319.5,3
1730811856,1319.5,67
1730811858,1319.5,23
1730811860,1319.5,22
1730811862,1319.4,3
1730811864,1319.5,11
1730811866,1319.5,5
1730811868,1319.5,1
1730811870,1319.5,29
1730811872,1319.3,20
1730811874,1319.4,2
1730811876,1319.5,1
1730811878,1319.3,1
1730811882,1319.4,4
1730811886,1319.4,1
1730811890,1319.5,54
1730811894,1319.5,75
1730811898,1319.5,4
1730811902,1319.6,18
1730811908,1319.7,114
1730811910,1319.8,86
1730811912,1319.7,13
1730811914,1319.8,81
1730811918,1319.7,54
1730811920,1319.7,15
1730811922,1319.8,23
1730811924,1319.7,1
1730811926,1319.8,116
1730811928,1319.6,28
1730811930,1319.6,1
1730811932,1319.7,15
1730811934,1319.8,1
1730811936,1319.7,4
1730811944,1319.7,1
1730811946,1319.7,7
1730811948,1319.6,75
1730811950,1319.6,5
1730811952,1319.6,5
1730811954,1319.5,1
1730811956,1319.6,10
1730811958,1319.5,20
1730811960,1319.6,7
1730811962,1319.6,5
1730811964,1319.5,8
1730811966,1319.4,52
1730811968,1319.4,2
1730811970,1319.5,16
1730811972,1319.5,28
1730811974,1319.5,9
1730811976,1319.5,2
1730811978,1319.5,7
1730811980,1319.4,13
1730811984,1319.4,16
1730811988,1319.4,4
1730811992,1319.5,14
1730811996,1319.4,25
1730811998,1319.4,3
1730812002,1319.4,14
1730812008,1319.6,65
1730812010,1319.6,2
1730812012,1319.6,14
1730812016,1319.6,4
1730812018,1319.6,2
1730812020,1319.6,2
1730812022,1319.7,2
1730812024,1319.6,31
1730812028,1319.5,1
1730812030,1319.5,2
1730812032,1319.5,7
1730812034,1319.3,2
1730812036,1319.3,3
1730812038,1319.3,1
1730812040,1319.3,1
1730812042,1319.3,5
1730812046,1319.3,3
1730812048,1319.3,13
1730812050,1319.4,8
1730812052,1319.4,2
1730812056,1319.4,10
1730812060,1319.4,1
1730812062,1319.4,7
1730812068,1319.4,1
1730812072,1319.4,27
1730812074,1319.3,1
1730812076,1319.4,10
1730812078,1319.4,1
1730812080,1319.4,11
1730812082,1319.3,17
1730812084,1319.3,4
1730812086,1319.4,5
1730812088,1319.3,2
1730812092,1319.3,1
1730812094,1319.4,1
1730812098,1319.4,1
1730812102,1319.4,3
1730812104,1319.4,2
1730812106,1319.4,2
1730812108,1319.3,20
1730812110,1319.4,1
1730812112,1319.3,20
1730812114,1319.4,10
1730812118,1319.3,15
1730812122,1319.4,2
1730812124,1319.3,6
1730812126,1319.3,2
1730812130,1319.4,1
1730812132,1319.3,6
1730812134,1319.3,17
1730812136,1319.2,12
1730812138,1319.2,6
1730812140,1319.3,3
1730812142,1319.4,20
1730812144,1319.2,1
1730812148,1319.2,1
1730812150,1319.3,15
1730812152,1319.3,9
1730812156,1319.4,8
1730812158,1319.3,4
1730812160,1319.3,1
1730812162,1319.5,42
1730812164,1319.5,21
1730812166,1319.3,1
1730812170,1319.5,2
1730812172,1319.4,1
1730812174,1319.4,1
1730812176,1319.3,1
1730812178,1319.5,3
1730812180,1319.3,2
1730812182,1319.4,3
1730812184,1319.4,1
1730812186,1319.5,2
1730812188,1319.4,1
1730812190,1319.5,1
1730812192,1319.4,1
1730812194,1319.4,1
1730812196,1319.4,1
1730812198,1319.4,1
1730812200,1319.4,1
1730812202,1319.4,5
1730812204,1319.4,2
1730812206,1319.5,62
1730812208,1319.6,3
1730812210,1319.4,19
1730812212,1319.4,1
1730812214,1319.4,1
1730812216,1319.5,13
1730812220,1319.5,1
1730812222,1319.4,1
1730812224,1319.5,4
1730812226,1319.4,12
1730812232,1319.4,2
1730812236,1319.4,5
1730812240,1319.5,12
1730812242,1319.5,12
1730812248,1319.4,65
1730812250,1319.3,2
1730812254,1319.3,1
1730812258,1319.4,1
1730812262,1319.3,27
1730812264,1319.2,56
1730812266,1319.1,2
1730812268,1319.2,6
1730812270,1319.1,3
1730812272,1319.1,75
1730812274,1319.2,20
1730812278,1319.3,2
1730812282,1319.2,6
1730812284,1319.3,1
1730812286,1319.3,1
1730812288,1319.4,23
1730812290,1319.4,36
1730812292,1319.4,3
1730812298,1319.2,1
1730812300,1319.3,1
1730812304,1319.3,3
1730812308,1319.4,1
1730812310,1319.3,1
1730812312,1319.4,1
1730812314,1319.4,16
1730812318,1319.5,3
1730812320,1319.4,2
1730812324,1319.5,1
1730812326,1319.5,1
1730812330,1319.4,20
1730812332,1319.5,4
1730812334,1319.4,17
1730812336,1319.3,8
1730812340,1319.4,1
1730812342,1319.3,1
1730812344,1319.3,3
1730812346,1319.3,2
1730812350,1319.3,5
1730812360,1319.2,1
1730812362,1319.2,1
1730812364,1319.2,4
1730812366,1319.2,25
1730812368,1319.3,2
1730812370,1319.2,6
1730812372,1319.2,4
1730812374,1319.2,1
1730812376,1319.2,2
1730812378,1319.1,1
1730812380,1319.2,6
1730812382,1319.2,1
1730812384,1319.2,1
1730812386,1319.1,4
1730812388,1319.2,3
1730812390,1319.2,4
1730812394,1319.3,2
1730812396,1319.3,13
1730812398,1319.3,3
1730812400,1319.5,51
1730812402,1319.3,1
1730812404,1319.3,1
1730812410,1319.4,1
1730812428,1319.4,3
1730812430,1319.4,1
1730812434,1319.4,1
1730812436,1319.4,1
1730812448,1319.4,8
1730812452,1319.5,2
1730812458,1319.5,36
1730812462,1319.5,18
1730812466,1319.6,12
1730812470,1319.6,42
1730812474,1319.6,58
1730812478,1319.7,5
1730812482,1319.6,5
1730812484,1319.7,8
1730812486,1319.7,35
1730812488,1319.7,29
1730812490,1319.7,2
1730812492,1319.7,3
1730812494,1319.8,117
1730812496,1319.9,1
1730812498,1319.8,25
1730812500,1319.8,5
1730812502,1319.9,47
1730812504,1319.8,6
1730812506,1320,483
1730812508,1319.8,60
1730812510,1320,117
1730812512,1319.7,66
1730812514,1320.1,14
1730812516,1320,34
1730812518,1320.1,72
1730812520,1319.8,9
1730812522,1320,14
1730812524,1320,17
1730812526,1319.8,44
1730812528,1319.8,24
1730812530,1320,35
1730812532,1319.8,1
1730812534,1320,167
1730812536,1320,1
1730812538,1320,29
1730812540,1320.1,12
1730812542,1320,27
1730812544,1320,8
1730812546,1320,6
1730812548,1320,17
1730812550,1320.1,61
1730812552,1320.2,32
1730812554,1320,61
1730812556,1320.2,32
1730812558,1320.2,64
1730812560,1320.2,44
1730812562,1320.3,19
1730812564,1320.2,21
1730812566,1320.4,163
1730812568,1320.4,39
1730812570,1320.6,148
1730812572,1320.6,112
1730812574,1320.5,108
1730812576,1320.6,277
1730812578,1320.8,95
1730812580,1320.9,16
1730812582,1320.9,138
1730812584,1320.8,53
1730812586,1320.9,94
1730812588,1320.7,76
1730812590,1320.8,77
1730812592,1320.7,52
1730812594,1320.6,39
1730812596,1320.6,39
1730812598,1320.6,4
1730812600,1320.6,40
1730812602,1320.5,19
1730812604,1320.5,5
1730812606,1320.5,62
1730812608,1320.5,19
1730812610,1320.6,21
1730812612,1320.5,20
1730812614,1320.5,5
1730812616,1320.5,5
1730812618,1320.4,7
1730812620,1320.5,10
1730812622,1320.5,23
1730812624,1320.5,16
1730812626,1320.5,2
1730812628,1320.7,72
1730812630,1320.5,46
1730812632,1320.8,27
1730812634,1320.7,29
1730812636,1320.7,37
1730812638,1320.6,45
1730812640,1320.6,29
1730812642,1320.6,3
1730812644,1320.7,36
1730812646,1320.6,17
1730812648,1320.6,2
1730812652,1320.6,2
1730812654,1320.6,29
1730812656,1320.5,5
1730812658,1320.7,10
1730812660,1320.7,2
1730812662,1320.6,44
1730812664,1320.8,3
1730812666,1320.6,6
1730812668,1320.7,57
1730812670,1320.7,6
1730812672,1320.6,8
1730812674,1320.7,48
1730812676,1320.7,4
1730812678,1320.8,7
1730812680,1320.7,44
1730812682,1320.7,7
1730812684,1320.8,76
1730812686,1320.8,116
1730812688,1320.8,5
1730812690,1321,285
1730812692,1321,47
1730812694,1321.4,242
1730812696,1321.3,406
1730812698,1321.8,247
1730812700,1321.3,68
1730812702,1321.6,553
1730812704,1321.3,40
1730812706,1321.9,155
1730812709,1321.6,20
1730812710,1321.6,71
1730812712,1321.7,22
1730812716,1321.7,28
1730812722,1321.9,143
1730812728,1321.8,208
1730812734,1321.8,127
1730812740,1321.8,73
1730812744,1321.8,80
1730812748,1321.8,57
1730812750,1321.8,64
1730812752,1321.7,26
1730812754,1321.8,105
1730812756,1321.8,1
1730812758,1321.7,34
1730812760,1321.7,2
1730812762,1321.7,30
1730812764,1321.7,22
1730812766,1321.8,62
1730812768,1321.7,16
1730812770,1321.7,25
1730812772,1321.8,103
1730812774,1321.8,18
1730812776,1321.8,16
1730812778,1321.8,29
1730812780,1321.9,38
1730812782,1322,13
1730812784,1322,199
1730812786,1321.9,302
1730812788,1322.3,39
1730812790,1322.3,69
1730812792,1322.2,406
1730812794,1322.4,38
1730812796,1322.2,30
1730812798,1322.3,85
1730812800,1322.4,211
1730812802,1322.3,101
1730812804,1322.2,165
1730812806,1322.2,146
1730812808,1322,47
1730812810,1321.8,78
1730812812,1322.1,58
1730812814,1322.1,161
1730812816,1321.8,120
1730812818,1321.9,52
1730812820,1321.9,7
1730812822,1321.9,45
1730812824,1322,76
1730812826,1321.9,6
1730812828,1321.8,4
1730812830,1321.9,9
1730812832,1321.9,19
1730812834,1321.9,18
1730812836,1321.8,1
1730812838,1321.9,3
1730812840,1321.8,19
1730812842,1321.8,13
1730812844,1321.7,45
1730812846,1321.7,3
1730812848,1321.7,15
1730812850,1321.7,22
1730812852,1321.7,18
1730812856,1321.5,87
1730812858,1321.7,5
1730812860,1321.5,17
1730812862,1321.5,62
1730812864,1321.6,5
1730812868,1321.7,95
1730812870,1321.8,48
1730812872,1321.7,10
1730812874,1321.8,14
1730812876,1321.8,34
1730812878,1321.9,34
1730812880,1321.9,25
1730812882,1321.9,43
1730812884,1321.9,1
1730812886,1321.9,43
1730812888,1321.9,12
1730812890,1322,20
1730812892,1321.8,67
1730812894,1321.9,65
1730812896,1322,31
1730812898,1322,51
1730812900,1322,8
1730812902,1321.9,11
1730812905,1322,11
1730812907,1321.8,25
1730812909,1321.8,2
1730812911,1321.9,37
1730812912,1321.8,23
1730812915,1321.8,1
1730812917,1321.9,2
1730812919,1322,61
1730812921,1321.9,42
1730812922,1321.9,69
1730812924,1321.8,219
1730812926,1321.9,1
1730812929,1321.9,7
1730812930,1321.8,8
1730812933,1321.8,24
1730812935,1321.8,18
1730812938,1321.8,25
1730812942,1321.8,2
1730812947,1321.8,36
1730812951,1321.7,34
1730812954,1321.7,55
1730812956,1321.7,21
1730812958,1321.6,7
1730812960,1321.7,52
1730812962,1321.7,1
1730812964,1321.7,10
1730812966,1321.7,1
1730812968,1321.7,23
1730812970,1321.7,19
1730812972,1321.6,37
1730812974,1321.7,1
1730812976,1321.7,15
1730812978,1321.7,50
1730812980,1321.7,22
1730812982,1321.7,11
1730812984,1321.7,3
1730812986,1321.7,50
1730812988,1321.7,12
1730812990,1321.7,9
1730812992,1321.8,59
1730812994,1321.9,5
1730812996,1321.9,22
1730813000,1321.8,24
1730813004,1322,47
1730813008,1322,24
1730813012,1322,21
1730813016,1321.9,6
1730813020,1322,17
1730813022,1321.9,16
1730813024,1321.9,2
1730813026,1322,5
1730813028,1322,15
1730813030,1322,16
1730813034,1322,2
1730813036,1322,38
1730813038,1321.9,22
1730813040,1322,7
1730813042,1322.1,20
1730813045,1322.1,50
1730813047,1322.1,12
1730813049,1322.1,38
1730813051,1322.1,4
1730813053,1322.2,1
1730813055,1322.1,11
1730813057,1322.1,2
1730813059,1322.2,92
1730813061,1322.3,26
1730813063,1322.3,35
1730813065,1322.3,52
1730813067,1322.2,43
1730813069,1322.3,33
1730813071,1322.3,42
1730813073,1322.2,57
1730813075,1322.1,142
1730813077,1322,32
1730813079,1322,8
1730813081,1321.9,12
1730813083,1321.9,8
1730813085,1321.9,19
1730813087,1322,12
1730813089,1322.1,8
1730813091,1322.2,12
1730813093,1322,4
1730813095,1322.3,27
1730813097,1322.2,6
1730813099,1322.1,1
1730813101,1322.1,1
1730813103,1322.1,10
1730813105,1322.1,3
1730813107,1322.2,24
1730813109,1322.1,2
1730813111,1322,15
1730813113,1322,3
1730813115,1322,4
1730813117,1322.2,34
1730813119,1322,23
1730813121,1322,7
1730813123,1322.2,1
1730813125,1322.2,5
1730813127,1322.2,7
1730813129,1322,64
1730813133,1322.2,2
1730813135,1322.2,84
1730813137,1322.3,62
1730813139,1322.3,73
1730813141,1322.3,20
1730813143,1322.1,97
1730813145,1322.1,27
1730813147,1322.1,30
1730813149,1322.2,20
1730813151,1322.2,68
1730813153,1322,5
1730813155,1321.9,35
1730813157,1322.1,8
1730813160,1321.9,21
1730813162,1321.9,4
1730813163,1321.9,12
1730813166,1321.9,5
1730813168,1322,65
1730813170,1321.9,41
1730813172,1321.9,3
1730813174,1321.9,26
1730813176,1321.9,1
1730813178,1321.9,18
1730813180,1321.9,16
1730813182,1321.9,19
1730813184,1321.8,11
1730813186,1321.8,3
1730813188,1321.8,8
1730813190,1321.8,13
1730813192,1321.9,75
1730813194,1321.7,1
1730813196,1321.8,35
1730813198,1321.8,27
1730813200,1321.8,215
1730813202,1321.9,18
1730813204,1322,67
1730813207,1322,58
1730813209,1322,52
1730813211,1322,12
1730813213,1321.9,40
1730813215,1322,1
1730813217,1321.9,53
1730813219,1321.9,15
1730813221,1321.9,10
1730813223,1322,4
1730813225,1321.9,11
1730813227,1321.9,17
1730813229,1322,38
1730813231,1322,6
1730813233,1322.1,38
1730813235,1322,2
1730813237,1322.1,21
1730813239,1322.1,12
1730813242,1322.1,98
1730813244,1322.1,10
1730813246,1322,2
1730813248,1322,3
1730813252,1322,4
1730813254,1322,12
1730813256,1322,17
1730813258,1322,15
1730813260,1321.9,13
1730813262,1321.9,5
1730813264,1321.8,8
1730813266,1321.9,8
1730813268,1322.1,20
1730813270,1321.9,46
1730813272,1322,1
1730813274,1322,30
1730813280,1322,6
1730813282,1322,8
1730813284,1321.9,2
1730813286,1321.9,89
1730813288,1321.9,31
1730813290,1322,20
1730813292,1321.9,23
1730813294,1322.1,48
1730813297,1322,1
1730813299,1322.1,1
1730813301,1322,56
1730813305,1321.9,3
1730813307,1322,2
1730813309,1322,41
1730813311,1321.9,6
1730813313,1322,12
1730813315,1322.2,30
1730813317,1322.1,50
1730813319,1322.2,1
1730813321,1322.2,39
1730813323,1322.2,19
1730813325,1322.3,45
1730813327,1322.3,51
1730813329,1322.3,44
1730813331,1322.3,24
1730813333,1322.5,68
1730813335,1322.4,98
1730813337,1322.5,73
1730813339,1322.4,58
1730813341,1322.6,152
1730813343,1322.6,65
1730813345,1322.7,65
1730813347,1322.6,46
1730813349,1322.7,166
1730813351,1322.6,11
1730813353,1322.7,60
1730813356,1322.7,47
1730813358,1322.8,119
1730813360,1322.8,189
1730813362,1322.9,93
1730813364,1322.7,177
1730813366,1322.8,28
1730813368,1322.7,91
1730813370,1322.9,98
1730813372,1322.9,79
1730813374,1322.8,51
1730813376,1322.7,26
1730813378,1322.8,48
1730813380,1322.8,7
1730813382,1322.8,55
1730813384,1322.8,5
1730813386,1322.8,42
1730813388,1322.7,32
1730813390,1322.8,8
1730813392,1322.8,18
1730813394,1322.7,12
1730813397,1322.8,60
1730813399,1322.8,44
1730813401,1322.8,114
1730813403,1322.8,40
1730813405,1322.9,29
1730813407,1322.8,75
1730813409,1322.9,33
1730813412,1322.9,43
1730813414,1323,117
1730813416,1323.1,334
1730813420,1323.2,110
1730813426,1323.3,180
1730813432,1323.5,235
1730813436,1323.3,137
1730813444,1323.1,333
1730813448,1323.3,177
1730813454,1323,98
1730813459,1323.1,63
1730813461,1323,48
1730813463,1323,69
1730813469,1323,186
1730813473,1323,97
1730813477,1323.2,66
1730813479,1323,81
1730813481,1323,10
1730813483,1323,12
1730813485,1323.1,28
1730813487,1323,12
1730813489,1323,1
1730813492,1323,23
1730813494,1323,10
1730813496,1322.9,28
1730813498,1323,10
1730813500,1323,55
1730813502,1323,20
1730813504,1323,2
1730813506,1323,20
1730813508,1323,14
1730813511,1323,27
1730813513,1322.9,9
1730813515,1322.8,39
1730813517,1323.1,16
1730813519,1322.8,36
1730813521,1322.8,23
1730813524,1323,76
1730813526,1322.9,9
1730813528,1322.9,1
1730813530,1322.9,6
1730813532,1322.8,24
1730813534,1322.8,3
1730813536,1322.9,7
1730813538,1322.7,26
1730813540,1322.7,28
1730813543,1322.7,23
1730813545,1322.7,9
1730813547,1322.6,36
1730813549,1322.6,7
1730813551,1322.6,6
1730813553,1322.6,7
1730813555,1322.6,16
1730813557,1322.4,142
1730813560,1322.6,26
1730813562,1322.6,40
1730813564,1322.6,9
1730813566,1322.6,111
1730813568,1322.3,102
1730813570,1322.4,1
1730813572,1322.6,18
1730813574,1322.3,68
1730813576,1322.3,32
1730813579,1322.3,21
1730813581,1322.3,1
1730813583,1322.4,19
1730813585,1322.3,55
1730813587,1322.3,81
1730813589,1322.6,22
1730813592,1322.6,37
1730813594,1322.4,62
1730813596,1322.3,4
1730813598,1322.3,3
1730813600,1322.4,56
1730813603,1322.4,5
1730813605,1322.3,53
1730813607,1322.5,2
1730813609,1322.3,41
1730813611,1322.4,4
1730813613,1322.4,2
1730813615,1322.3,44
1730813617,1322.3,25
1730813620,1322.4,17
1730813622,1322.3,15
1730813624,1322.4,13
1730813626,1322.4,6
1730813628,1322.3,11
1730813630,1322.4,26
1730813633,1322.3,49
1730813635,1322.4,28
1730813637,1322.4,8
1730813639,1322.5,8
1730813641,1322.4,1
1730813643,1322.4,61
1730813645,1322.5,71
1730813650,1322.2,48
1730813652,1322.3,2
1730813654,1322.1,23
1730813656,1322.3,5
1730813658,1322.3,7
1730813660,1322.3,2
1730813662,1322.3,10
1730813664,1322.3,9
1730813666,1322.3,3
1730813668,1322.3,13
1730813671,1322.2,24
1730813675,1322.3,34
1730813677,1322.2,18
1730813679,1322.2,27
1730813681,1322.2,1
1730813683,1322.2,33
1730813686,1322.2,8
1730813688,1322.3,37
1730813690,1322.3,36
1730813692,1322.4,5
1730813694,1322.4,33
1730813697,1322.5,6
1730813699,1322.5,16
1730813701,1322.5,39
1730813703,1322.4,38
1730813706,1322.5,30
1730813708,1322.4,50
1730813710,1322.6,20
1730813712,1322.6,3
1730813714,1322.5,4
1730813716,1322.5,4
1730813718,1322.6,1
1730813720,1322.6,52
1730813723,1322.6,3
1730813725,1322.6,11
1730813727,1322.7,4
1730813729,1322.6,11
1730813731,1322.6,28
1730813734,1322.5,25
1730813736,1322.5,6
1730813738,1322.5,2
1730813740,1322.5,3
1730813742,1322.6,19
1730813744,1322.5,7
1730813746,1322.5,3
1730813748,1322.5,22
1730813753,1322.5,1
1730813755,1322.4,3
1730813757,1322.4,2
1730813759,1322.4,1
1730813761,1322.4,1
1730813763,1322.4,2
1730813766,1322.4,31
1730813768,1322.5,32
1730813770,1322.4,1
1730813772,1322.4,8
1730813774,1322.5,3
1730813776,1322.4,25
1730813778,1322.5,1
1730813781,1322.5,20
1730813783,1322.5,13
1730813787,1322.5,4
1730813789,1322.6,3
1730813791,1322.6,3
1730813794,1322.6,5
1730813796,1322.6,19
1730813798,1322.5,51
1730813800,1322.5,3
1730813802,1322.4,55
1730813804,1322.6,2
1730813806,1322.5,31
1730813811,1322.5,1
1730813813,1322.5,55
1730813815,1322.4,31
1730813821,1322.4,2
1730813824,1322.6,55
1730813826,1322.5,4
1730813828,1322.6,1
1730813830,1322.7,52
1730813832,1322.7,6
1730813834,1322.9,2
1730813837,1323,63
1730813841,1322.9,12
1730813843,1323.1,95
1730813845,1323.1,9
1730813847,1323.1,48
1730813852,1323.3,66
1730813854,1323.1,47
1730813856,1323.1,3
1730813858,1323.1,23
1730813860,1323.1,16
1730813863,1323,53
1730813865,1323,17
1730813867,1323.1,89
1730813869,1323,31
1730813871,1323,3
1730813873,1323,10
1730813875,1322.8,22
1730813877,1322.8,15
1730813879,1322.6,4
1730813881,1322.8,15
1730813884,1322.8,1
1730813886,1322.6,15
1730813888,1322.8,12
1730813890,1322.8,1
1730813892,1322.6,9
1730813894,1322.6,41
1730813897,1322.6,6
1730813899,1322.6,31
1730813901,1322.6,7
1730813903,1322.5,32
1730813905,1322.5,27
1730813907,1322.5,2
1730813912,1322.4,2
1730813914,1322.4,2
1730813916,1322.4,15
1730813918,1322.5,29
1730813920,1322.5,8
1730813923,1322.5,6
1730813925,1322.5,7
1730813927,1322.6,8
1730813929,1322.5,2
1730813931,1322.5,10
1730813934,1322.5,16
1730813936,1322.4,25
1730813938,1322.4,1
1730813941,1322.3,2
1730813943,1322.4,1
1730813945,1322.3,13
1730813947,1322.4,28
1730813949,1322.5,1
1730813951,1322.5,24
1730813953,1322.4,11
1730813958,1322.5,10
1730813960,1322.5,26
1730813962,1322.4,27
1730813964,1322.5,55
1730813967,1322.4,38
1730813969,1322.5,1
1730813971,1322.4,2
1730813973,1322.3,35
1730813976,1322.5,35
1730813980,1322.4,1
1730813982,1322.5,3
1730813984,1322.4,48
1730813986,1322.4,30
1730813988,1322.4,1
1730813991,1322.4,10
1730813993,1322.4,4
1730813997,1322.5,108
1730813999,1322.5,42
1730814001,1322.6,1
1730814004,1322.7,7
1730814006,1322.7,1
1730814008,1322.7,12
1730814010,1322.8,47
1730814012,1322.7,78
1730814014,1323,1
1730814016,1322.8,2
1730814019,1323,7
1730814021,1323,74
1730814023,1323,88
1730814025,1323,64
1730814028,1323,72
1730814030,1323,55
1730814032,1323,5
1730814034,1323,5
1730814036,1322.9,24
1730814038,1323,68
1730814040,1323,45
1730814042,1322.8,7
1730814045,1322.8,3
1730814047,1322.8,18
1730814049,1322.9,2
1730814051,1322.8,3
1730814053,1322.8,2
1730814056,1322.9,2
1730814058,1322.8,5
1730814060,1322.9,6
1730814062,1322.9,26
1730814064,1323,81
1730814066,1323,39
1730814069,1323.3,26
1730814071,1323.3,41
1730814073,1323.1,47
1730814075,1323.1,99
1730814077,1323.1,17
1730814080,1322.8,9
1730814082,1322.7,7
1730814084,1323.1,14
1730814086,1322.9,18
1730814088,1322.7,6
1730814091,1322.7,8
1730814093,1322.9,1
1730814095,1322.7,27
1730814097,1322.7,9
1730814099,1322.9,2
1730814102,1322.7,19
1730814104,1322.7,1
1730814106,1322.8,6
1730814110,1322.6,36
1730814112,1322.6,12
1730814114,1322.4,43
1730814117,1322.3,39
1730814119,1322.3,16
1730814121,1322.3,5
1730814123,1322.4,18
1730814126,1322.3,60
1730814128,1322.4,25
1730814130,1322.3,20
1730814132,1322.3,7
1730814135,1322.3,7
1730814137,1322.4,35
1730814139,1322.4,4
1730814141,1322.5,12
1730814143,1322.7,25
1730814145,1322.8,11
1730814148,1322.9,1
1730814150,1322.9,5
1730814152,1322.8,23
1730814154,1322.8,6
1730814156,1322.8,20
1730814159,1322.7,43
1730814161,1322.6,19
1730814163,1322.6,7
1730814165,1322.7,33
1730814167,1322.6,1
1730814169,1322.7,2
1730814172,1322.7,30
1730814174,1322.6,16
1730814176,1322.8,11
1730814178,1322.9,26
1730814183,1323,7
1730814185,1323,4
1730814188,1323,75
1730814190,1323,30
1730814192,1322.6,22
1730814194,1322.9,2
1730814197,1322.8,10
1730814199,1322.8,8
1730814201,1322.9,1
1730814203,1322.8,3
1730814206,1322.8,12
1730814208,1322.7,11
1730814210,1322.8,15
1730814215,1322.6,6
1730814217,1322.7,7
1730814219,1322.8,2
1730814224,1322.6,3
1730814226,1322.8,2
1730814228,1322.8,1
1730814230,1322.8,5
1730814233,1322.8,5
1730814235,1322.8,1
1730814237,1322.9,15
1730814239,1322.9,2
1730814242,1323,17
1730814244,1322.9,1
1730814246,1322.9,25
1730814249,1322.9,8
1730814251,1322.9,18
1730814253,1322.9,59
1730814256,1323,2
1730814258,1323,22
1730814260,1322.9,4
1730814262,1322.9,7
1730814265,1322.9,1
1730814267,1322.8,26
1730814270,1322.8,5
1730814275,1322.6,2
1730814277,1322.8,45
1730814279,1322.6,4
1730814282,1322.5,38
1730814284,1322.5,17
1730814286,1322.4,91
1730814288,1322.4,13
1730814291,1322.6,131
1730814293,1322.6,7
1730814295,1322.5,5
1730814297,1322.5,2
1730814299,1322.7,1
1730814301,1322.9,13
1730814304,1322.9,63
1730814306,1322.9,13
1730814308,1323,46
1730814310,1323.2,2
1730814313,1323,16
1730814315,1323.2,10
1730814317,1323.2,110
1730814319,1323,15
1730814321,1323,44
1730814323,1323.1,8
1730814326,1323.1,3
1730814328,1323.1,4
1730814330,1323.1,10
1730814333,1323.3,18
1730814335,1323.3,1
1730814337,1323.1,34
1730814339,1323.1,31
1730814342,1323.1,12
1730814344,1323.1,1
1730814346,1323.1,2
1730814349,1323,47
1730814351,1322.8,54
1730814353,1322.9,12
1730814355,1323,2
1730814358,1323,20
1730814360,1322.9,2
1730814362,1322.9,23
1730814365,1323,25
1730814367,1322.9,1
1730814369,1323,51
1730814372,1323.1,18
1730814374,1323,2
1730814376,1323,17
1730814379,1323,3
1730814381,1323,25
1730814383,1323.1,7
1730814388,1323,11
1730814390,1323.1,1
1730814392,1323.3,48
1730814395,1323.1,1
1730814397,1323.1,15
1730814399,1323.1,1
1730814402,1323.1,4
1730814404,1323.1,2
1730814406,1323.2,6
1730814408,1323.1,1
1730814411,1323.1,8
1730814413,1323.2,30
1730814415,1323.4,49
1730814417,1323.4,46
1730814420,1323.3,125
1730814422,1323.6,88
1730814424,1323.6,135
1730814426,1323.7,107
1730814429,1323.6,113
1730814431,1324,167
1730814433,1323.7,51
1730814436,1323.9,806
1730814438,1323.9,112
1730814440,1323.9,65
1730814443,1323.7,46
1730814445,1323.9,67
1730814447,1323.9,53
1730814450,1323.9,18
1730814452,1323.9,57
1730814454,1323.9,26
1730814456,1323.7,46
1730814459,1323.7,23
1730814461,1323.7,27
1730814463,1323.7,9
1730814465,1323.7,34
1730814468,1323.7,23
1730814470,1323.7,45
1730814472,1323.7,9
1730814475,1323.5,53
1730814477,1323.4,50
1730814479,1323.4,34
1730814482,1323.4,17
1730814484,1323.3,67
1730814487,1323.4,49
1730814489,1323,36
1730814491,1323.1,20
1730814493,1323,36
1730814496,1322.9,68
1730814498,1323,23
1730814500,1322.9,25
1730814503,1322.8,23
1730814505,1322.8,17
1730814507,1322.9,18
1730814510,1322.8,33
1730814512,1322.9,7
1730814515,1322.9,20
1730814517,1323,14
1730814519,1322.9,25
1730814522,1322.9,23
1730814524,1322.9,13
1730814526,1322.8,52
1730814528,1322.8,54
1730814531,1322.8,2
1730814533,1322.8,39
1730814535,1322.7,13
1730814537,1322.7,22
1730814540,1322.8,32
1730814542,1322.7,23
1730814544,1322.8,4
1730814547,1322.9,2
1730814549,1322.8,21
1730814551,1323,184
1730814554,1322.8,9
1730814556,1322.8,20
1730814558,1322.8,1
1730814561,1322.7,48
1730814565,1322.8,4
1730814567,1322.7,12
1730814570,1322.7,1
1730814572,1322.8,11
1730814574,1322.6,38
1730814576,1322.6,34
1730814579,1322.5,111
1730814582,1322.5,26
1730814584,1322.4,56
1730814587,1322.2,68
1730814589,1322.2,31
1730814592,1322.2,104
1730814594,1322.3,26
1730814597,1322.3,79
1730814599,1322.6,78
1730814601,1322.7,35
1730814604,1322.5,44
1730814606,1322.7,34
1730814608,1322.7,4
1730814611,1322.5,14
1730814613,1322.4,6
1730814615,1322.5,5
1730814618,1322.4,67
1730814620,1322.4,2
1730814622,1322.4,100
1730814624,1322.3,32
1730814627,1322.1,36
1730814629,1322.1,39
1730814632,1322,136
1730814634,1322.1,38
1730814636,1322.1,47
1730814638,1322,145
1730814641,1322.1,149
1730814643,1322.1,116
1730814645,1322.1,111
1730814647,1322,89
1730814650,1322,17
1730814652,1321.9,40
1730814654,1322,76
1730814657,1322,9
1730814659,1322,40
1730814661,1322,8
1730814664,1321.9,53
1730814666,1322.1,20
1730814668,1322.1,58
1730814670,1322.1,121
1730814673,1322.1,10
1730814675,1322.1,121
1730814677,1322,53
1730814679,1322.1,25
1730814682,1322.2,1
1730814684,1322.2,23
1730814687,1322.1,6
1730814689,1322.2,5
1730814691,1322.2,33
1730814693,1322.2,4
1730814696,1322.1,19
1730814698,1322.2,3
1730814700,1322.2,7
1730814703,1322.2,2
1730814705,1322.2,19
1730814707,1322.3,12
1730814709,1322.3,12
1730814712,1322.4,1
1730814714,1322.3,16
1730814716,1322.2,12
1730814719,1322.3,10
1730814721,1322.4,3
1730814723,1322.2,19
1730814726,1322.3,39
1730814728,1322.2,121
1730814733,1322.2,87
1730814735,1322.2,10
1730814739,1322.2,8
1730814744,1322.1,97
1730814747,1322.1,49
1730814751,1322.1,18
1730814756,1322.1,63
1730814760,1322,19
1730814767,1321.9,152
1730814771,1321.9,84
1730814774,1321.8,170
1730814776,1321.9,3
1730814779,1321.8,39
1730814781,1321.9,89
1730814783,1321.9,12
1730814786,1321.9,28
1730814788,1321.9,8
1730814790,1321.9,35
1730814793,1321.9,26
1730814795,1321.9,13
1730814798,1321.8,52
1730814800,1321.9,12
1730814802,1322,19
1730814805,1321.9,17
1730814807,1321.9,10
1730814810,1322,18
1730814812,1321.9,6
1730814814,1322,3
1730814817,1322,39
1730814819,1322,40
1730814821,1322.1,17
1730814824,1322.1,2
1730814826,1322,8
1730814828,1322.1,6
1730814831,1322.1,2
1730814833,1322.1,2
1730814836,1322.1,1
1730814840,1322.1,7
1730814843,1322,5
1730814845,1322,1
1730814848,1322,60
1730814850,1322,86
1730814852,1321.8,141
1730814855,1321.8,7
1730814857,1321.6,167
1730814860,1321.7,60
1730814862,1321.4,105
1730814864,1321.3,33
1730814867,1321.1,269
1730814869,1321.2,426
1730814872,1321.2,109
1730814874,1321.2,76
1730814876,1321.2,52
1730814879,1321,82
1730814881,1321.2,116
1730814883,1320.9,280
1730814886,1321.1,10
1730814888,1321.2,38
1730814890,1321,33
1730814893,1321.1,17
1730814895,1321.1,8
1730814898,1321.2,61
1730814900,1321.1,20
1730814903,1321.4,134
1730814905,1321,112
1730814907,1321,103
1730814910,1321,10
1730814912,1321.1,13
1730814915,1321,34
1730814918,1321.2,5
1730814920,1321.2,19
1730814922,1321,22
1730814925,1321.1,18
1730814927,1321.2,40
1730814929,1321.2,18
1730814932,1321.1,16
1730814935,1321.2,70
1730814937,1321.2,2
1730814939,1321.2,11
1730814942,1321.1,46
1730814944,1321,91
1730814946,1321,29
1730814949,1320.9,13
1730814951,1321,182
1730814953,1321,16
1730814956,1321.2,32
1730814958,1321.1,24
1730814961,1321.1,9
1730814963,1321.2,16
1730814966,1321.1,36
1730814968,1321.1,50
1730814970,1321.1,8
1730814973,1321.1,42
1730814975,1321.1,37
1730814977,1321.1,10
1730814980,1321.2,54
1730814982,1321.2,51
1730814985,1321.2,6
1730814989,1321.2,12
1730814992,1321.3,15
1730814994,1321.2,3
1730814997,1321.4,2
1730814999,1321.3,1
1730815002,1321.4,63
1730815004,1321.4,2
1730815007,1321.5,53
1730815009,1321.5,15
1730815011,1321.5,15
1730815014,1321.5,21
1730815016,1321.5,31
1730815018,1321.5,126
1730815021,1321.3,6
1730815023,1321.4,8
1730815026,1321.4,22
1730815028,1321.5,42
1730815030,1321.3,39
1730815033,1321.5,12
1730815035,1321.5,8
1730815038,1321.4,19
1730815040,1321.5,10
1730815043,1321.4,3
1730815045,1321.5,38
1730815048,1321.5,7
1730815050,1321.5,22
1730815053,1321.5,41
1730815055,1321.6,8
1730815057,1321.6,1
1730815060,1321.5,3
1730815062,1321.6,7
1730815064,1321.6,7
1730815069,1321.6,2
1730815071,1321.5,35
1730815074,1321.5,1
1730815076,1321.4,17
1730815078,1321.4,42
1730815081,1321.3,12
1730815083,1321.4,28
1730815086,1321.4,41
1730815088,1321.4,1
1730815091,1321.4,3
1730815093,1321.4,84
1730815095,1321.4,3
1730815098,1321.5,21
1730815100,1321.4,32
1730815103,1321.4,39
1730815105,1321.5,39
1730815108,1321.5,27
1730815110,1321.5,6
1730815112,1321.5,14
1730815115,1321.4,63
1730815117,1321.4,12
1730815119,1321.4,2
1730815122,1321.3,20
1730815124,1321.4,2
1730815126,1321.2,16
1730815129,1321.2,4
1730815131,1321.2,43
1730815134,1321.3,9
1730815136,1321.2,70
1730815138,1321.2,7
1730815141,1321.2,28
1730815144,1321.2,30
1730815146,1321.1,10
1730815149,1321.2,36
1730815151,1321.1,79
1730815153,1321,114
1730815156,1321.1,62
1730815158,1321,119
1730815161,1321,86
1730815163,1320.9,3
1730815166,1321,31
1730815168,1321,116
1730815170,1320.7,14
1730815173,1320.8,12
1730815175,1320.7,40
1730815178,1320.7,41
1730815180,1320.8,8
1730815182,1321,61
1730815185,1320.8,9
1730815187,1320.8,11
1730815189,1320.8,18
1730815192,1320.9,7
1730815194,1320.9,35
1730815196,1320.8,9
1730815199,1320.9,58
1730815201,1320.9,43
1730815203,1320.8,77
1730815206,1320.9,25
1730815208,1321,48
1730815211,1320.9,47
1730815213,1321,109
1730815216,1321.2,68
1730815220,1321,76
1730815223,1321,165
1730815225,1321.2,16
1730815228,1321.2,7
1730815231,1321.1,115
1730815233,1321.4,2
1730815236,1321.5,59
1730815241,1321.3,10
1730815243,1321.2,2
1730815246,1321.2,6
1730815248,1321.3,8
1730815250,1321.3,4
1730815253,1321.1,20
1730815255,1321.3,4
1730815258,1321.2,7
1730815260,1321.2,19
1730815262,1321.1,3
1730815265,1321,81
1730815268,1321.1,11
1730815270,1321.1,11
1730815272,1321,114
1730815275,1320.9,23
1730815277,1320.9,6
1730815280,1321,103
1730815282,1321.1,64
1730815284,1321.1,10
1730815287,1321.2,48
1730815290,1321.1,44
1730815292,1321.2,12
1730815295,1321.1,34
1730815297,1321.2,7
1730815300,1321.2,1
1730815302,1321.2,85
1730815307,1321.1,12
1730815310,1321.2,1
1730815312,1321,37
1730815315,1321,1
1730815317,1321,1
1730815320,1321,2
1730815323,1321,12
1730815325,1321,1
1730815328,1321,9
1730815330,1321,1
1730815338,1321.2,8
1730815340,1321.2,4
1730815342,1321.2,20
1730815345,1321.2,7
1730815347,1321.2,7
1730815352,1321.2,23
1730815355,1321.2,27
1730815358,1321.3,9
1730815360,1321.2,31
1730815363,1321.2,18
1730815365,1321.2,22
1730815367,1321.1,1
1730815370,1321,30
1730815372,1321,3
1730815375,1320.9,56
1730815377,1320.9,10
1730815380,1320.9,14
1730815382,1320.7,119
1730815385,1320.7,11
1730815387,1320.6,60
1730815390,1320.7,65
1730815392,1320.4,192
1730815395,1320.5,18
1730815397,1320.5,121
1730815400,1320.4,124
1730815402,1320.5,6
1730815405,1320.5,20
1730815407,1320.5,43
1730815409,1320.4,180
1730815412,1320.5,31
1730815414,1320.6,22
1730815417,1320.7,17
1730815419,1320.6,3
1730815422,1320.5,9
1730815424,1320.7,1
1730815427,1320.7,21
1730815429,1320.7,6
1730815432,1320.7,90
1730815434,1320.7,18
1730815436,1320.7,1
1730815439,1320.8,17
1730815441,1320.8,2
1730815444,1320.7,10
1730815447,1320.7,16
1730815449,1320.7,1
1730815452,1320.6,36
1730815454,1320.6,58
1730815457,1320.6,105
1730815459,1320.5,6
1730815461,1320.5,33
1730815464,1320.6,23
1730815466,1320.5,6
1730815469,1320.5,89
1730815471,1320.6,14
1730815474,1320.4,6
1730815476,1320.5,3
1730815478,1320.4,102
1730815481,1320.3,61
1730815484,1320.3,83
1730815486,1320.4,15
1730815488,1320.1,173
1730815491,1320.2,37
1730815493,1320.1,165
1730815496,1320,81
1730815498,1320,335
1730815501,1320,211
1730815503,1319.9,46
1730815506,1320,65
1730815508,1319.8,106
1730815511,1320,54
1730815513,1319.7,105
1730815515,1319.8,14
1730815518,1320,92
1730815520,1319.9,151
1730815523,1320,86
1730815525,1319.9,138
1730815528,1320,31
1730815530,1320,42
1730815533,1319.9,2
1730815535,1320,29
1730815538,1320.1,101
1730815540,1320,59
1730815543,1320,26
1730815545,1320,16
1730815548,1320,38
1730815550,1320,101
1730815553,1320,35
1730815555,1320,13
1730815558,1320,70
1730815560,1320,14
1730815563,1320.3,32
1730815566,1320,5
1730815569,1320.2,15
1730815571,1320.2,2
1730815574,1320.2,2
1730815576,1320.2,10
1730815578,1320.1,34
1730815581,1320.2,14
1730815583,1320.2,5
1730815586,1320.2,21
1730815588,1320.2,29
1730815591,1320.2,25
1730815593,1320.2,27
1730815596,1320.2,8
1730815598,1320.1,10
1730815601,1320.1,62
1730815603,1320.1,30
1730815606,1320.2,16
1730815608,1320.1,6
1730815611,1320.1,48
1730815613,1320.1,9
1730815616,1320,9
1730815618,1320.2,6
1730815620,1319.9,175
1730815623,1319.9,11
1730815625,1319.9,32
1730815628,1320,87
1730815631,1319.9,15
1730815633,1319.8,42
1730815636,1320,72
1730815638,1320,19
1730815641,1320,26
1730815644,1319.8,2
1730815646,1319.9,26
1730815649,1319.8,20
1730815652,1319.8,29
1730815657,1319.9,5
1730815659,1319.9,2
1730815662,1319.9,6
1730815664,1319.9,7
1730815667,1319.9,100
1730815669,1320,79
1730815672,1320,33
1730815674,1320.1,13
1730815677,1320,4
1730815679,1320.2,46
1730815681,1320.2,4
1730815684,1320.2,93
1730815686,1320.2,47
1730815689,1320.3,22
1730815691,1320.2,3
1730815694,1320.2,2
1730815696,1320.4,97
1730815699,1320.2,50
1730815701,1320.2,60
1730815704,1320.2,66
1730815706,1320.2,20
1730815709,1320,53
1730815712,1320.2,16
1730815714,1320.1,1
1730815717,1320.2,17
1730815719,1319.9,53
1730815721,1319.6,182
1730815729,1319.6,62
1730815734,1319.7,91
1730815739,1319.6,118
1730815744,1319.6,60
1730815750,1319.5,162
1730815755,1319.5,82
1730815760,1319.5,123
1730815762,1319.2,190
1730815765,1319.2,57
1730815767,1319.1,225
1730815770,1319.4,39
1730815772,1319.3,78
1730815775,1319.3,209
1730815778,1319.3,102
1730815780,1319.3,23
1730815783,1319.4,15
1730815785,1319.5,154
1730815788,1319.5,48
1730815791,1319.6,54
1730815793,1319.5,79
1730815796,1319.7,17
1730815798,1319.7,3
1730815801,1319.6,23
1730815804,1319.7,102
1730815806,1319.5,11
1730815809,1319.5,25
1730815811,1319.5,13
1730815813,1319.5,78
1730815816,1319.5,7
1730815819,1319.6,151
1730815821,1319.8,51
1730815824,1319.8,106
1730815826,1319.9,32
1730815829,1319.9,18
1730815831,1319.9,124
1730815834,1320,36
1730815836,1319.9,43
1730815839,1319.9,61
1730815841,1320,4
1730815844,1320,43
1730815847,1320,2
1730815849,1320,10
1730815852,1320.2,40
1730815855,1320,14
1730815857,1320,4
1730815859,1320.1,2
1730815862,1320.1,23
1730815864,1320.1,30
1730815867,1320.3,48
1730815869,1320.3,3
1730815871,1320,51
1730815874,1320.1,58
1730815876,1320.2,7
1730815879,1320.1,17
1730815882,1320.1,152
1730815884,1320,8
1730815887,1319.9,68
1730815890,1319.7,14
1730815892,1319.6,25
1730815895,1319.7,36
1730815897,1319.6,48
1730815900,1319.6,8
1730815902,1319.8,23
1730815905,1319.8,10
1730815908,1320,44
1730815910,1319.8,8
1730815913,1320,67
1730815916,1320,36
1730815918,1320.1,28
1730815921,1320.2,40
1730815923,1320.1,139
1730815926,1320.2,19
1730815929,1320.5,79
1730815932,1320.3,7
1730815934,1320.4,41
1730815937,1320.3,20
1730815939,1320.1,46
1730815942,1319.8,16
1730815944,1320,2
1730815947,1319.8,14
1730815949,1319.7,16
1730815952,1319.3,166
1730815954,1319.2,67
1730815957,1319.4,145
1730815959,1319.4,27
1730815962,1319.3,61
1730815964,1319,203
1730815967,1319.4,41
1730815970,1319,276
1730815973,1319,93
1730815975,1319,78
1730815978,1319.1,60
1730815983,1318.9,174
1730815988,1319.1,104
1730815991,1318.8,85
1730815994,1319,52
1730815997,1318.8,187
1730815999,1318.8,137
1730816002,1318.8,112
1730816005,1318.5,146
1730816008,1318.6,74
1730816011,1318.5,259
1730816013,1318.5,102
1730816016,1318.5,157
1730816019,1318.5,55
1730816021,1318.5,142
1730816024,1318.5,69
1730816026,1318.6,139
1730816029,1318.9,25
1730816032,1319,139
1730816034,1318.9,104
1730816037,1319.2,60
1730816039,1319.3,56
1730816042,1319.2,53
1730816045,1319.2,69
1730816047,1319.2,57
1730816050,1318.9,7
1730816052,1319.2,61
1730816055,1319,35
1730816058,1319.1,8
1730816060,1319,9
1730816063,1319.1,12
1730816065,1319.2,39
1730816068,1319.3,64
1730816070,1319.6,81
1730816073,1319.7,40
1730816075,1319.6,4
1730816078,1319.6,41
1730816081,1319.7,63
1730816083,1319.6,15
1730816086,1319.6,51
1730816089,1319.7,39
1730816091,1319.5,106
1730816094,1319.6,40
1730816097,1319.5,6
1730816100,1319.5,9
1730816102,1319.4,56
1730816105,1319.4,21
1730816108,1319.4,29
1730816110,1319.4,11
1730816113,1319.4,19
1730816116,1319.3,8
1730816119,1319.4,34
1730816121,1319.2,11
1730816124,1319.4,10
1730816127,1319.4,10
1730816130,1319.2,34
1730816132,1319.4,56
1730816135,1319.3,37
1730816137,1319.3,5
1730816140,1319.4,16
1730816142,1319.4,1
1730816145,1319.5,35
1730816148,1319.5,13
1730816151,1319.5,30
1730816153,1319.6,37
1730816156,1319.6,28
1730816158,1319.7,25
1730816161,1319.8,31
1730816164,1319.9,171
1730816166,1320.5,191
1730816169,1319.9,91
1730816172,1320.3,81
1730816180,1320.2,106
1730816185,1320,308
1730816188,1320,83
1730816193,1320,60
1730816199,1320.3,243
1730816204,1320.3,64
1730816209,1320.2,95
1730816212,1320,47
1730816214,1320,79
1730816217,1319.8,43
1730816220,1319.9,18
1730816222,1320,4
1730816225,1319.8,14
1730816228,1319.9,27
1730816230,1320,23
1730816233,1320,2
1730816236,1319.8,275
1730816238,1320.2,36
1730816241,1320,34
1730816243,1320.2,14
1730816246,1320,79
1730816249,1320.5,85
1730816252,1320.3,67
1730816254,1320.3,182
1730816257,1320,6
1730816259,1320.1,4
1730816262,1320,55
1730816265,1320.1,67
1730816267,1320.1,21
1730816270,1320.1,171
1730816272,1320.5,49
1730816275,1320.5,28
1730816278,1320.5,93
1730816281,1320.5,95
1730816283,1320.7,26
1730816286,1320.9,241
1730816289,1320.6,42
1730816292,1320.6,52
1730816294,1320.7,45
1730816297,1320.5,36
1730816300,1320.6,7
1730816302,1320.5,79
1730816308,1320.1,233
1730816310,1320.1,30
1730816313,1320.1,15
1730816316,1320.2,8
1730816319,1320.3,30
1730816321,1320.3,6
1730816324,1320.2,20
1730816327,1320,84
1730816329,1320,40
1730816332,1319.5,127
1730816335,1319.9,64
1730816337,1319.8,13
1730816340,1319.6,10
1730816342,1319.6,19
1730816345,1319.5,36
1730816348,1319.5,45
1730816351,1319.6,83
1730816354,1319.3,123
1730816356,1319.6,10
1730816359,1319.5,10
1730816362,1319.6,27
1730816364,1319.7,30
1730816367,1319.6,19
1730816370,1319.5,13
1730816372,1319.6,2
1730816375,1319.5,48
1730816378,1319.6,17
1730816380,1319.1,189
1730816383,1319.5,197
1730816386,1319.2,9
1730816389,1319.1,53
1730816392,1319,135
1730816394,1318.7,90
1730816397,1318.9,258
1730816400,1318.7,258
1730816403,1318.2,166
1730816405,1318.6,70
1730816408,1318.2,281
1730816411,1318.4,228
1730816413,1318,237
1730816416,1318.2,82
1730816419,1318,596
1730816421,1318.3,73
1730816424,1317.9,232
1730816427,1317.8,262
1730816435,1317.8,307
1730816440,1317.4,576
1730816449,1317.8,510
1730816460,1317.6,1317
1730816463,1317.4,67
1730816466,1317.8,189
1730816468,1317.7,74
1730816471,1318,99
1730816474,1317.8,76
1730816477,1318.1,88
1730816480,1318,97
1730816482,1318,11
1730816485,1318.1,31
1730816488,1318,101
1730816491,1318,12
1730816494,1318,121
1730816496,1318.1,50
1730816499,1318.2,18
1730816502,1318.2,254
1730816505,1318.5,86
1730816508,1318.8,50
1730816510,1319.4,72
1730816513,1318.5,33
1730816516,1318.8,46
1730816519,1319.2,55
1730816522,1318.8,50
1730816524,1318.9,52
1730816527,1319.1,87
1730816530,1318.9,16
1730816533,1319.2,56
1730816535,1319.1,24
1730816538,1319.1,20
1730816541,1319,8
1730816544,1319,23
1730816547,1319,47
1730816550,1318.9,29
1730816553,1319,19
1730816556,1318.8,24
1730816558,1318.9,18
1730816561,1318.9,8
1730816564,1318.9,22
1730816567,1319,8
1730816569,1319,18
1730816572,1319,10
1730816575,1319,18
1730816578,1318.9,3
1730816580,1319,4
1730816583,1318.7,27
1730816586,1318.7,16
1730816589,1318.9,39
1730816592,1318.7,1
1730816594,1318.9,1
1730816597,1319.2,152
1730816600,1318.9,6
1730816602,1319.1,16
1730816605,1319.4,100
1730816608,1319.5,53
1730816611,1319.4,62
1730816614,1319.5,14
1730816616,1319.4,8
1730816619,1319.4,47
1730816622,1319.4,70
1730816625,1319.3,95
1730816628,1319.5,31
1730816630,1319.5,73
1730816633,1319.7,25
1730816636,1319.8,70
1730816639,1319.8,46
1730816642,1319.8,124
1730816645,1319.8,107
1730816647,1320,99
1730816650,1319.8,111
1730816653,1319.7,79
1730816656,1319.8,89
1730816659,1319.8,56
1730816661,1319.5,24
1730816664,1319.4,40
1730816667,1319.8,7
1730816670,1319.6,9
1730816673,1319.7,9
1730816676,1319.7,5
1730816679,1319.6,7
1730816682,1319.7,12
1730816685,1319.6,2
1730816688,1319.7,7
1730816691,1319.5,6
1730816694,1319.5,11
1730816697,1319.5,21
1730816700,1319.3,38
1730816703,1319.4,24
1730816706,1319,112
1730816709,1319.4,66
1730816712,1319.1,8
1730816715,1319.3,18
1730816717,1319.1,4
1730816720,1319.3,18
1730816723,1319.3,3
1730816726,1319.3,44
1730816729,1319.4,21
1730816732,1319.3,17
1730816735,1319.3,19
1730816737,1319.4,17
1730816740,1319.3,7
1730816743,1319.3,20
1730816746,1319.1,12
1730816749,1319.6,151
1730816752,1319.3,15
1730816755,1319.3,5
1730816758,1319.3,7
1730816760,1319.5,33
1730816763,1319.5,7
1730816766,1319.4,94
1730816769,1319.5,11
1730816775,1319.5,24
1730816777,1319.5,2
1730816780,1319.4,80
1730816783,1319.6,22
1730816786,1319.6,22
1730816789,1319.5,1
1730816792,1319.4,102
1730816795,1319.4,17
1730816797,1319.4,84
1730816800,1319.4,4
1730816803,1319.6,51
1730816807,1319.8,68
1730816809,1319.8,101
1730816812,1319.9,28
1730816815,1319.8,151
1730816818,1320.2,56
1730816821,1320.5,131
1730816823,1320.5,88
1730816826,1320.2,128
1730816829,1320.4,38
1730816832,1320.2,71
1730816835,1320,80
1730816838,1320.2,31
1730816841,1320.2,211
1730816844,1320.3,115
1730816847,1320.8,47
1730816850,1320.3,52
1730816853,1320.6,66
1730816856,1320.3,40
1730816859,1320.6,27
1730816862,1320.4,38
1730816865,1320.4,62
1730816867,1320.2,54
1730816870,1320.3,28
1730816873,1320.1,33
1730816876,1320.1,15
1730816879,1320,31
1730816882,1320.1,11
1730816885,1320.1,18
1730816888,1320,24
1730816891,1319.8,49
1730816893,1319.8,16
1730816896,1319.7,56
1730816899,1319.9,74
1730816902,1320,12
1730816905,1319.6,57
1730816908,1319.8,51
1730816911,1319.9,5
1730816914,1319.6,11
1730816917,1319.9,39
1730816920,1320,17
1730816923,1319.9,14
1730816926,1320,41
1730816929,1320,7
1730816931,1319.9,6
1730816934,1319.9,2
1730816937,1320,11
1730816940,1319.9,40
1730816943,1320,16
1730816946,1320,21
1730816948,1320.2,90
1730816951,1320,60
1730816954,1319.9,32
1730816957,1320,57
1730816960,1320.3,78
1730816963,1320.3,59
1730816965,1320,30
1730816968,1320.3,20
1730816974,1320.1,138
1730816977,1320.2,25
1730816980,1320,62
1730816983,1320.3,22
1730816986,1320.2,23
1730816988,1319.9,89
1730816991,1320.3,65
1730816994,1320.1,53
1730816997,1320.2,28
1730817000,1320.2,20
1730817003,1320.3,33
1730817903,1319,5517
